0.275510 0.035714 0.403061 0.285714
0.224490 0.188776 0.500000 0.086735
0.239796 0.091837 0.045918 0.622449
0.122449 0.158163 0.423469 0.295918
0.081633 0.096939 0.183673 0.637755
0.051020 0.025510 0.693878 0.229592
0.081633 0.209184 0.030612 0.678571
0.030612 0.137755 0.668367 0.163265
0.112245 0.025510 0.137755 0.724490
0.076531 0.096939 0.739796 0.086735
0.061224 0.153061 0.066327 0.719388
0.147959 0.005102 0.770408 0.076531
0.000000 0.010204 0.010204 0.979592
0.056122 0.000000 0.913265 0.030612
0.020408 0.005102 0.045918 0.928571
0.010204 0.025510 0.959184 0.005102
0.010204 0.010204 0.000000 0.979592
0.091837 0.010204 0.887755 0.010204
0.000000 0.076531 0.000000 0.923469
0.020408 0.066327 0.908163 0.005102
0.010204 0.020408 0.045918 0.923469
0.066327 0.000000 0.923469 0.010204
0.000000 0.005102 0.051020 0.943878
0.000000 0.040816 0.943878 0.015306
0.010204 0.015306 0.045918 0.928571
0.000000 0.056122 0.943878 0.000000
0.056122 0.000000 0.010204 0.933673
0.066327 0.051020 0.867347 0.015306
0.005102 0.000000 0.056122 0.938776
0.005102 0.005102 0.918367 0.071429
0.076531 0.086735 0.076531 0.760204
0.158163 0.015306 0.750000 0.076531
0.005102 0.015306 0.020408 0.959184
0.112245 0.015306 0.755102 0.117347
0.015306 0.086735 0.112245 0.785714