0.253778 0.450908 0.129281 0.166032
0.115146 0.315103 0.000544 0.569207
0.069697 0.401218 0.000435 0.528651
0.000217 0.546700 0.065782 0.387300
0.050451 0.375340 0.037512 0.536697
0.044036 0.587692 0.055670 0.312602
0.162444 0.547570 0.000761 0.289225
0.128629 0.246385 0.085571 0.539415
0.188975 0.235185 0.322714 0.253126
0.000000 0.661955 0.000217 0.337828
0.000109 0.844080 0.019789 0.136023
0.120148 0.358052 0.000109 0.521692
0.115038 0.700337 0.029901 0.154724
0.448516 0.000652 0.096010 0.454822
0.000435 0.284984 0.496901 0.217680
0.000109 0.660541 0.039578 0.299772
0.035881 0.675655 0.000326 0.288137
0.153637 0.269762 0.000109 0.576492
0.062194 0.690877 0.066543 0.180385
0.047189 0.673915 0.000000 0.278895
0.220289 0.495923 0.046319 0.237469