0.305798 0.164209 0.129692 0.400302
0.000168 0.326743 0.117962 0.555127
0.075905 0.341823 0.000000 0.582272
0.000335 0.474866 0.132373 0.392426
0.171247 0.289879 0.056803 0.482071
0.115282 0.678117 0.103720 0.102882
0.000335 0.597185 0.000335 0.402145
0.000000 0.136729 0.000000 0.863271
0.069538 0.333110 0.276977 0.320375
0.000335 0.576910 0.000000 0.422755
0.000503 0.733076 0.000000 0.266421
0.104390 0.099363 0.000000 0.796247
0.045912 0.532674 0.173090 0.248324
0.309484 0.144102 0.045241 0.501173
0.078251 0.160690 0.380027 0.381032
0.000503 0.686997 0.058981 0.253519
0.041387 0.553452 0.000000 0.405161
0.000335 0.224196 0.068700 0.706769
0.000000 0.588137 0.072721 0.339142
0.054122 0.512567 0.000168 0.433143
0.003184 0.520777 0.077078 0.398961