0.044484 0.651246 0.163701 0.140569
0.023132 0.818505 0.000000 0.158363
0.169039 0.592527 0.014235 0.224199
0.241993 0.325623 0.169039 0.263345
0.213523 0.122776 0.412811 0.250890
0.186833 0.142349 0.556940 0.113879
0.108541 0.425267 0.368327 0.097865
0.138790 0.588968 0.153025 0.119217
0.101423 0.617438 0.033808 0.247331
0.060498 0.699288 0.058719 0.181495
0.290036 0.503559 0.026690 0.179715
0.145907 0.352313 0.158363 0.343416
0.126335 0.318505 0.314947 0.240214
0.097865 0.699288 0.163701 0.039146
0.012456 0.987544 0.000000 0.000000
0.491103 0.012456 0.000000 0.496441
0.083630 0.023132 0.811388 0.081851
0.117438 0.405694 0.412811 0.064057
0.058719 0.693950 0.138790 0.108541
0.195730 0.560498 0.021352 0.222420
0.126335 0.489324 0.040925 0.343416