0.000000 0.373178 0.198251 0.428571
0.106900 0.429543 0.207969 0.255588
0.125364 0.215743 0.149660 0.509232
0.000000 0.421769 0.180758 0.397473
0.033042 0.749271 0.002915 0.214772
0.078717 0.460641 0.000000 0.460641
0.000000 0.442177 0.157434 0.400389
0.123421 0.460641 0.193392 0.222546
0.284742 0.372206 0.053450 0.289602
0.228377 0.397473 0.151603 0.222546
0.000000 0.792031 0.038873 0.169096
0.129252 0.345967 0.000000 0.524781
0.000000 0.622935 0.111759 0.265306
0.055394 0.794947 0.000000 0.149660
0.241011 0.211856 0.015549 0.531584
0.040816 0.402332 0.344023 0.212828
0.179786 0.375121 0.120505 0.324587
0.013605 0.660836 0.079689 0.245870
0.000000 0.575316 0.000000 0.424684
0.027211 0.651118 0.000000 0.321672
0.000000 0.698737 0.000000 0.301263