0.735915 0.152582 0.111502 0.000000
0.596244 0.183099 0.001174 0.219484
0.434272 0.000000 0.069249 0.496479
0.340376 0.244131 0.173709 0.241784
0.000000 0.157277 0.000000 0.842723
0.164319 0.186620 0.191315 0.457746
0.244131 0.219484 0.000000 0.536385
0.272300 0.161972 0.000000 0.565728
0.254695 0.191315 0.034038 0.519953
0.206573 0.129108 0.000000 0.664319
0.001174 0.000000 0.062207 0.936620
0.165493 0.055164 0.000000 0.779343
0.000000 0.157277 0.167840 0.674883
0.698357 0.000000 0.053991 0.247653
0.769953 0.000000 0.031690 0.198357
0.933099 0.000000 0.000000 0.066901
0.739437 0.093897 0.088028 0.078638
0.659624 0.130282 0.083333 0.126761
0.674883 0.000000 0.076291 0.248826
0.504695 0.088028 0.147887 0.259390
0.477700 0.110329 0.000000 0.411972
0.515258 0.247653 0.095070 0.142019
0.529343 0.215962 0.109155 0.145540
0.719484 0.018779 0.147887 0.113850
0.429577 0.152582 0.188967 0.228873
0.637324 0.000000 0.000000 0.362676
0.510563 0.131455 0.000000 0.357981
0.480047 0.086854 0.036385 0.396714