0.143151 0.000457 0.464441 0.391951
0.000000 0.273039 0.726961 0.000000
0.348502 0.025154 0.000000 0.626343
0.000000 0.035445 0.964555 0.000000
0.147953 0.000000 0.469014 0.383032
0.000000 0.149097 0.697004 0.153899
0.247199 0.000000 0.401098 0.351704
0.022639 0.325406 0.651955 0.000000
0.293163 0.000000 0.127601 0.579236
0.000000 0.000000 1.000000 0.000000
0.113652 0.156186 0.467414 0.262749
0.191630 0.318088 0.490281 0.000000
0.000000 0.000000 0.335925 0.664075
0.151155 0.000000 0.772925 0.075920
0.128287 0.118225 0.468557 0.284930