0.108422 0.302547 0.061397 0.527634
0.034661 0.214414 0.152172 0.598753
0.002008 0.377259 0.087393 0.533340
0.161894 0.285956 0.117616 0.434535
0.000000 0.666913 0.000106 0.332981
0.110958 0.292085 0.000000 0.596957
0.057487 0.000000 0.158723 0.783789
0.081687 0.300433 0.323682 0.294198
0.000000 0.569904 0.158406 0.271690
0.203741 0.473106 0.000000 0.323153
0.000106 0.314382 0.077671 0.607841
0.000000 0.558914 0.130297 0.310789
0.201627 0.157561 0.000000 0.640812
0.000317 0.263870 0.270105 0.465709
0.000211 0.242101 0.163056 0.594632
0.064356 0.411814 0.207757 0.316073
0.124485 0.508507 0.000106 0.366903
0.055479 0.611011 0.000000 0.333509
0.130825 0.127655 0.000000 0.741520
0.000000 0.128923 0.286379 0.584698
0.060763 0.198457 0.193490 0.547289