0.123333 0.276667 0.246667 0.353333
0.260000 0.300000 0.086667 0.353333
0.390000 0.280000 0.203333 0.126667
0.463333 0.086667 0.076667 0.373333
0.360000 0.063333 0.236667 0.340000
0.396667 0.326667 0.090000 0.186667
0.373333 0.083333 0.090000 0.453333
0.166667 0.123333 0.140000 0.570000
0.276667 0.070000 0.076667 0.576667
0.076667 0.223333 0.196667 0.503333
0.133333 0.110000 0.250000 0.506667
0.103333 0.553333 0.093333 0.250000
0.156667 0.103333 0.053333 0.686667
0.106667 0.360000 0.113333 0.420000
0.273333 0.270000 0.080000 0.376667
0.203333 0.363333 0.253333 0.180000
0.383333 0.180000 0.073333 0.363333
0.126667 0.086667 0.290000 0.496667
0.110000 0.216667 0.243333 0.430000
0.133333 0.370000 0.073333 0.423333
0.316667 0.083333 0.086667 0.513333
0.350000 0.106667 0.316667 0.226667
0.116667 0.246667 0.186667 0.450000
0.316667 0.053333 0.240000 0.390000
0.180000 0.116667 0.466667 0.236667
0.393333 0.080000 0.313333 0.213333
0.140000 0.213333 0.236667 0.410000
0.310000 0.096667 0.086667 0.506667
0.236667 0.250000 0.203333 0.310000
0.126667 0.310000 0.100000 0.463333
0.193333 0.460000 0.133333 0.213333
0.146667 0.090000 0.056667 0.706667
0.103333 0.100000 0.313333 0.483333
0.090000 0.273333 0.070000 0.566667
0.126667 0.250000 0.080000 0.543333
0.176667 0.493333 0.083333 0.246667
0.373333 0.123333 0.056667 0.446667
0.123333 0.256667 0.086667 0.533333
0.110000 0.110000 0.196667 0.583333
0.110000 0.313333 0.123333 0.453333
0.173333 0.143333 0.083333 0.600000
0.316667 0.146667 0.326667 0.210000
0.320000 0.220000 0.073333 0.386667
0.156667 0.106667 0.123333 0.613333
0.110000 0.090000 0.326667 0.473333
0.346667 0.193333 0.286667 0.173333
0.126667 0.106667 0.280000 0.486667
0.376667 0.046667 0.253333 0.323333
0.200000 0.126667 0.460000 0.213333
0.143333 0.100000 0.116667 0.640000
0.120000 0.123333 0.296667 0.460000
0.136667 0.103333 0.113333 0.646667