0.237136 0.131991 0.109620 0.521253
0.214765 0.156600 0.152125 0.476510
0.158837 0.174497 0.098434 0.568233
0.152125 0.145414 0.111857 0.590604
0.156600 0.078300 0.098434 0.666667
0.129754 0.118568 0.107383 0.644295
0.091723 0.120805 0.085011 0.702461
0.111857 0.098434 0.071588 0.718121
0.089485 0.096197 0.024609 0.789709
0.064877 0.051454 0.060403 0.823266
0.053691 0.042506 0.051454 0.852349
0.055928 0.080537 0.044743 0.818792
0.060403 0.055928 0.015660 0.868009
0.035794 0.042506 0.042506 0.879195
0.002237 0.017897 0.024609 0.955257
0.053691 0.038031 0.013423 0.894855
0.042506 0.006711 0.033557 0.917226
0.020134 0.013423 0.046980 0.919463
0.008949 0.006711 0.015660 0.968680
0.051454 0.011186 0.031320 0.906040
0.015660 0.013423 0.026846 0.944072
0.015660 0.015660 0.046980 0.921700
0.029083 0.022371 0.017897 0.930649
0.035794 0.002237 0.015660 0.946309
0.004474 0.004474 0.020134 0.970917
0.000000 0.008949 0.004474 0.986577
0.004474 0.022371 0.020134 0.953020
0.011186 0.013423 0.060403 0.914989
0.035794 0.004474 0.883669 0.076063
0.923937 0.004474 0.022371 0.049217
0.038031 0.008949 0.935123 0.017897
0.935123 0.004474 0.038031 0.022371
0.002237 0.659955 0.046980 0.290828
0.465324 0.015660 0.510067 0.008949
0.053691 0.031320 0.910515 0.004474
0.863535 0.006711 0.118568 0.011186
0.042506 0.011186 0.932886 0.013423
0.008949 0.004474 0.000000 0.986577
0.006711 0.926174 0.022371 0.044743
0.006711 0.024609 0.000000 0.968680
0.011186 0.624161 0.004474 0.360179
0.333333 0.031320 0.619687 0.015660
0.004474 0.926174 0.002237 0.067114
0.017897 0.011186 0.006711 0.964206
0.011186 0.921700 0.022371 0.044743
0.004474 0.002237 0.000000 0.993289
0.031320 0.004474 0.948546 0.015660
0.000000 0.017897 0.000000 0.982103
0.008949 0.722595 0.004474 0.263982
0.418345 0.006711 0.541387 0.033557
0.002237 0.957494 0.002237 0.038031