0.150374 0.171077 0.122198 0.556351
0.091687 0.259651 0.103985 0.544676
0.113948 0.210149 0.078767 0.597136
0.100872 0.219801 0.131382 0.547945
0.166252 0.158624 0.128892 0.546233
0.095112 0.237858 0.079234 0.587796
0.105542 0.183998 0.003269 0.707192
0.004359 0.195984 0.079390 0.720268
0.061021 0.235056 0.002958 0.700965
0.056663 0.163761 0.035959 0.743618
0.044054 0.170922 0.089041 0.695984
0.032379 0.205012 0.001557 0.761052
0.085461 0.140722 0.074253 0.699564
0.001401 0.151152 0.103674 0.743773
0.047790 0.192715 0.030666 0.728829
0.002024 0.208748 0.002335 0.786893
0.033313 0.222136 0.053705 0.690847
0.030355 0.184309 0.054950 0.730386
0.000623 0.163761 0.091532 0.744085
0.048568 0.208281 0.021638 0.721513
0.000467 0.169988 0.000311 0.829234
0.001557 0.185243 0.002179 0.811021
0.063045 0.240660 0.412516 0.283780
0.522416 0.122665 0.034402 0.320517
0.143369 0.198786 0.509496 0.148350
0.594801 0.119085 0.048879 0.237235
0.040785 0.399284 0.134184 0.425747
0.402864 0.192715 0.298879 0.105542
0.193337 0.248288 0.418587 0.139788
0.501245 0.072852 0.184932 0.240971
0.118618 0.087484 0.540318 0.253580
0.139010 0.148350 0.090286 0.622354
0.093088 0.497042 0.100405 0.309465
0.113792 0.056507 0.088730 0.740971