0.835813 0.065209 0.052271 0.046707
0.700479 0.000129 0.194851 0.104541
0.725320 0.071419 0.000129 0.203131
0.658171 0.000259 0.226291 0.115280
0.728555 0.137275 0.133652 0.000518
0.740199 0.122137 0.000259 0.137405
0.726485 0.035839 0.042696 0.194980
0.570966 0.000388 0.269375 0.159270
0.583387 0.039721 0.154871 0.222021
0.664122 0.057446 0.227973 0.050459
0.836719 0.162764 0.000518 0.000000
0.747962 0.071031 0.102342 0.078665
0.757795 0.032216 0.098848 0.111140
0.425928 0.097684 0.238323 0.238064
0.524518 0.186311 0.210247 0.078924
0.598008 0.252814 0.000906 0.148273
0.868288 0.000000 0.131194 0.000518
0.364601 0.083452 0.264200 0.287747
0.564756 0.000647 0.218657 0.215940
0.611593 0.145685 0.000776 0.241946
0.723121 0.156941 0.000776 0.119162