0.840964 0.000000 0.026506 0.132530
0.748916 0.000000 0.150361 0.100723
0.900723 0.099277 0.000000 0.000000
0.786506 0.166265 0.047229 0.000000
0.889157 0.000000 0.110843 0.000000
0.804337 0.000000 0.195663 0.000000
0.776867 0.000000 0.086747 0.136386
0.855904 0.144096 0.000000 0.000000
0.880482 0.054458 0.000000 0.065060
0.884819 0.000000 0.115181 0.000000
0.477108 0.064096 0.158554 0.300241
0.519036 0.480964 0.000000 0.000000
0.661205 0.113735 0.038554 0.186506
0.422651 0.332530 0.244819 0.000000
0.709880 0.076145 0.000000 0.213976