0.000000 0.956250 0.043750 0.000000
0.000000 0.450000 0.000000 0.550000
0.000000 0.737500 0.031250 0.231250
0.156250 0.462500 0.075000 0.306250
0.150000 0.087500 0.412500 0.350000
0.000000 0.706250 0.200000 0.093750
0.037500 0.887500 0.000000 0.075000
0.000000 0.250000 0.006250 0.743750
0.093750 0.718750 0.187500 0.000000
0.006250 0.950000 0.043750 0.000000
0.437500 0.206250 0.000000 0.356250
0.187500 0.000000 0.812500 0.000000
0.181250 0.000000 0.818750 0.000000
0.025000 0.000000 0.943750 0.031250