0.004992 0.945092 0.006656 0.043261
0.936772 0.003328 0.049917 0.009983
0.029950 0.005824 0.960899 0.003328
0.018303 0.004992 0.974210 0.002496
0.974210 0.003328 0.019967 0.002496
0.049917 0.000832 0.947587 0.001664
0.141431 0.011647 0.003328 0.843594
0.002496 0.009151 0.001664 0.986689
0.014975 0.737105 0.026622 0.221298
0.272047 0.039933 0.682196 0.005824
0.979201 0.000832 0.014143 0.005824
0.029950 0.004992 0.960899 0.004160
0.970882 0.004992 0.021631 0.002496
0.014143 0.940932 0.006656 0.038270
0.004160 0.943428 0.003328 0.049085
0.985025 0.001664 0.009151 0.004160
0.029118 0.014975 0.809484 0.146423
0.009151 0.949251 0.004992 0.036606
0.010815 0.968386 0.003328 0.017471
0.005824 0.027454 0.003328 0.963394
0.034110 0.003328 0.961730 0.000832
0.135607 0.007488 0.853577 0.003328
0.029950 0.679700 0.252912 0.037438
0.005824 0.851082 0.004160 0.138935
0.977537 0.008319 0.012479 0.001664
0.977537 0.002496 0.016639 0.003328
0.009151 0.922629 0.006656 0.061564
0.952579 0.007488 0.034942 0.004992