0.293214 0.010896 0.680040 0.015849
0.005944 0.955423 0.003962 0.034671
0.004953 0.948985 0.003962 0.042100
0.006439 0.014364 0.001981 0.977216
0.010401 0.762259 0.007925 0.219416
0.489846 0.003467 0.486379 0.020307
0.022784 0.001486 0.971768 0.003962
0.005448 0.971768 0.004953 0.017831
0.003467 0.960872 0.000991 0.034671
0.004953 0.006934 0.001981 0.986132
0.001981 0.959881 0.004458 0.033680
0.007429 0.971768 0.001981 0.018821
0.004458 0.900446 0.013373 0.081724
0.816741 0.010401 0.162457 0.010401
0.952947 0.009411 0.033185 0.004458
0.745914 0.004458 0.247647 0.001981
0.035661 0.011392 0.697870 0.255077
0.254581 0.008420 0.007925 0.729074
0.025260 0.005448 0.951956 0.017335
0.002972 0.950966 0.006934 0.039128
0.002476 0.005944 0.000495 0.991085
0.071818 0.001486 0.924715 0.001981
0.030213 0.006439 0.956909 0.006439
0.034175 0.003962 0.955919 0.005944
0.981674 0.000991 0.014364 0.002972
0.003467 0.128777 0.000991 0.866766
0.003467 0.017335 0.009906 0.969292
0.980188 0.000991 0.014364 0.004458
0.007429 0.912333 0.003467 0.076771
0.984646 0.003467 0.008915 0.002972
0.023279 0.004458 0.966815 0.005448