0.109333 0.058667 0.258667 0.573333
0.048000 0.090667 0.597333 0.264000
0.053333 0.306667 0.576000 0.064000
0.002667 0.096000 0.042667 0.858667
0.024000 0.808000 0.021333 0.146667
0.160000 0.133333 0.104000 0.602667
0.301333 0.453333 0.093333 0.152000
0.426667 0.072000 0.442667 0.058667
0.608000 0.277333 0.066667 0.048000
0.240000 0.056000 0.024000 0.680000
0.013333 0.824000 0.029333 0.133333
0.016000 0.384000 0.016000 0.584000
0.005333 0.722667 0.029333 0.242667
0.077333 0.528000 0.240000 0.154667
0.125333 0.029333 0.264000 0.581333
0.061333 0.130667 0.778667 0.029333
0.570667 0.338667 0.034667 0.056000
0.048000 0.557333 0.037333 0.357333
0.026667 0.912000 0.013333 0.048000
0.352000 0.061333 0.008000 0.578667
0.277333 0.429333 0.120000 0.173333
0.165333 0.053333 0.770667 0.010667
0.018667 0.138667 0.018667 0.824000
0.090667 0.029333 0.845333 0.034667
0.912000 0.037333 0.037333 0.013333
0.037333 0.016000 0.010667 0.936000
0.005333 0.896000 0.029333 0.069333
0.029333 0.712000 0.002667 0.256000
0.266667 0.010667 0.517333 0.205333
0.024000 0.930667 0.010667 0.034667
0.034667 0.941333 0.005333 0.018667
0.018667 0.672000 0.010667 0.298667
0.282667 0.021333 0.592000 0.104000
0.010667 0.912000 0.016000 0.061333
0.013333 0.898667 0.013333 0.074667
0.005333 0.050667 0.024000 0.920000
0.034667 0.682667 0.018667 0.264000
0.301333 0.045333 0.608000 0.045333
0.045333 0.024000 0.888000 0.042667
0.029333 0.917333 0.016000 0.037333
0.005333 0.912000 0.005333 0.077333
0.032000 0.050667 0.005333 0.912000
0.016000 0.914667 0.024000 0.045333
0.024000 0.922667 0.008000 0.045333
0.026667 0.888000 0.010667 0.074667
0.898667 0.053333 0.034667 0.013333
0.874667 0.066667 0.029333 0.029333
0.840000 0.048000 0.066667 0.045333
0.085333 0.037333 0.800000 0.077333
0.045333 0.024000 0.082667 0.848000
0.018667 0.037333 0.917333 0.026667
0.018667 0.826667 0.034667 0.120000
0.042667 0.018667 0.026667 0.912000
0.058667 0.048000 0.869333 0.024000
0.034667 0.050667 0.856000 0.058667
0.077333 0.064000 0.824000 0.034667
0.834667 0.040000 0.042667 0.082667