0.357143 0.000000 0.642857 0.000000
0.017857 0.035714 0.928571 0.017857
0.000000 1.000000 0.000000 0.000000
0.053571 0.375000 0.035714 0.535714
0.285714 0.000000 0.696429 0.017857
0.017857 0.017857 0.964286 0.000000
0.053571 0.000000 0.946429 0.000000
0.017857 0.714286 0.035714 0.232143
0.375000 0.017857 0.607143 0.000000
0.000000 0.535714 0.017857 0.446429
0.142857 0.053571 0.785714 0.017857
0.035714 0.035714 0.910714 0.017857
0.017857 0.000000 0.000000 0.982143
0.000000 0.000000 1.000000 0.000000
0.000000 0.000000 0.982143 0.017857
0.000000 0.910714 0.017857 0.071429
0.160714 0.000000 0.107143 0.732143
0.000000 0.767857 0.107143 0.125000
0.839286 0.000000 0.107143 0.053571
0.017857 0.732143 0.000000 0.250000
0.321429 0.000000 0.678571 0.000000
0.000000 0.946429 0.000000 0.053571
0.000000 0.964286 0.017857 0.017857
0.000000 0.000000 0.000000 1.000000
0.071429 0.000000 0.910714 0.017857
0.017857 0.000000 0.000000 0.982143
0.910714 0.017857 0.071429 0.000000
0.803571 0.000000 0.178571 0.017857
0.017857 0.017857 0.000000 0.964286
0.017857 0.910714 0.017857 0.053571
0.000000 0.946429 0.000000 0.053571
0.000000 0.928571 0.000000 0.071429
0.964286 0.000000 0.017857 0.017857
0.053571 0.017857 0.910714 0.017857
0.017857 0.964286 0.000000 0.017857
0.678571 0.017857 0.017857 0.285714
0.267857 0.678571 0.017857 0.035714
0.000000 0.285714 0.000000 0.714286
0.000000 0.017857 0.017857 0.964286
0.017857 0.232143 0.017857 0.732143
0.125000 0.035714 0.821429 0.017857
0.000000 0.000000 0.982143 0.017857
0.089286 0.000000 0.910714 0.000000
0.982143 0.000000 0.017857 0.000000
0.035714 0.000000 0.964286 0.000000
0.035714 0.000000 0.964286 0.000000
0.017857 0.875000 0.000000 0.107143
0.017857 0.500000 0.000000 0.482143
0.178571 0.017857 0.803571 0.000000
1.000000 0.000000 0.000000 0.000000
0.107143 0.000000 0.892857 0.000000
0.053571 0.017857 0.928571 0.000000
0.035714 0.607143 0.000000 0.357143
0.464286 0.017857 0.517857 0.000000
0.035714 0.000000 0.928571 0.035714
0.053571 0.000000 0.946429 0.000000
0.410714 0.357143 0.000000 0.232143
0.196429 0.000000 0.767857 0.035714
0.196429 0.000000 0.803571 0.000000
0.964286 0.000000 0.035714 0.000000
0.000000 0.035714 0.000000 0.964286