0.025907 0.854922 0.098446 0.020725
0.010363 0.621762 0.067358 0.300518
0.388601 0.051813 0.528497 0.031088
0.072539 0.000000 0.906736 0.020725
0.072539 0.036269 0.849741 0.041451
0.093264 0.440415 0.077720 0.388601
0.217617 0.051813 0.668394 0.062176
0.031088 0.497409 0.046632 0.424870
0.290155 0.062176 0.616580 0.031088
0.088083 0.031088 0.870466 0.010363
0.015544 0.015544 0.051813 0.917098
0.046632 0.000000 0.927461 0.025907
0.077720 0.020725 0.880829 0.020725
0.010363 0.787565 0.031088 0.170984
0.108808 0.056995 0.155440 0.678756
0.036269 0.834197 0.098446 0.031088
0.865285 0.010363 0.119171 0.005181
0.056995 0.554404 0.036269 0.352332
0.326425 0.046632 0.621762 0.005181
0.005181 0.901554 0.041451 0.051813
0.015544 0.880829 0.005181 0.098446
0.000000 0.010363 0.031088 0.958549
0.134715 0.020725 0.844560 0.000000
0.025907 0.036269 0.020725 0.917098
0.917098 0.031088 0.046632 0.005181
0.823834 0.005181 0.155440 0.015544
0.025907 0.025907 0.010363 0.937824
0.005181 0.906736 0.031088 0.056995
0.015544 0.891192 0.005181 0.088083
0.005181 0.870466 0.010363 0.113990
0.922280 0.005181 0.072539 0.000000
0.046632 0.015544 0.922280 0.015544
0.010363 0.880829 0.041451 0.067358
0.673575 0.031088 0.025907 0.269430
0.269430 0.658031 0.036269 0.036269
0.015544 0.274611 0.010363 0.699482
0.000000 0.041451 0.036269 0.922280
0.020725 0.191710 0.036269 0.751295
0.124352 0.025907 0.849741 0.000000
0.067358 0.005181 0.922280 0.005181
0.056995 0.010363 0.932642 0.000000
0.932642 0.015544 0.031088 0.020725
0.051813 0.010363 0.917098 0.020725
0.010363 0.036269 0.927461 0.025907
0.005181 0.932642 0.005181 0.056995
0.067358 0.450777 0.000000 0.481865
0.305699 0.025907 0.663212 0.005181
0.937824 0.020725 0.036269 0.005181
0.077720 0.025907 0.870466 0.025907
0.036269 0.046632 0.875648 0.041451
0.062176 0.606218 0.036269 0.295337
0.430052 0.056995 0.487047 0.025907
0.077720 0.020725 0.886010 0.015544