0.346737 0.589418 0.019048 0.044797
0.017637 0.926984 0.007760 0.047619
0.013757 0.031393 0.007407 0.947443
0.010582 0.925926 0.010229 0.053263
0.006702 0.947795 0.005644 0.039859
0.010229 0.428924 0.006702 0.554145
0.250794 0.010229 0.718871 0.020106
0.204233 0.006702 0.779189 0.009877
0.048677 0.191887 0.740035 0.019400
0.003880 0.432099 0.004233 0.559788
0.003880 0.011993 0.002116 0.982011
0.005644 0.952028 0.007055 0.035273
0.970370 0.014815 0.010229 0.004586
0.773192 0.082187 0.122751 0.021869
0.049383 0.006702 0.936155 0.007760
0.021164 0.534744 0.022222 0.421869
0.232451 0.123104 0.629630 0.014815
0.966490 0.003175 0.025397 0.004938
0.003527 0.022928 0.004938 0.968607
0.005644 0.414462 0.003527 0.576367
0.008113 0.913933 0.006349 0.071605
0.100882 0.011287 0.083245 0.804586
0.004586 0.936861 0.003175 0.055379
0.017284 0.926279 0.014109 0.042328
0.016226 0.269841 0.005644 0.708289
0.220811 0.005291 0.750970 0.022928
0.009171 0.921693 0.007407 0.061728
0.005291 0.936155 0.004586 0.053968
0.003527 0.009171 0.007055 0.980247
0.007760 0.862787 0.006702 0.122751
0.796473 0.006349 0.184832 0.012346
0.023280 0.009171 0.961552 0.005996
0.008818 0.955556 0.004938 0.030688
0.004938 0.943563 0.001764 0.049735
0.009524 0.013757 0.004586 0.972134
0.008466 0.954497 0.007055 0.029982
0.007760 0.955556 0.001411 0.035273
0.018695 0.718871 0.014109 0.248325
0.517108 0.016578 0.447619 0.018695
0.963316 0.007760 0.018695 0.010229
0.312522 0.005996 0.677249 0.004233
0.014815 0.022928 0.279718 0.682540
0.688536 0.009524 0.013404 0.288536
0.026455 0.010935 0.949912 0.012698
0.003527 0.935097 0.007407 0.053968
0.005291 0.011640 0.003527 0.979541
0.071252 0.002116 0.922046 0.004586
0.050441 0.005644 0.935450 0.008466
0.055026 0.006702 0.929806 0.008466
0.972840 0.005644 0.016226 0.005291
0.004586 0.364374 0.003527 0.627513
0.014109 0.049030 0.007760 0.929101
0.959788 0.012698 0.023633 0.003880
0.014462 0.882892 0.012698 0.089947