0.000000 0.745801 0.045815 0.208384
0.114739 0.709257 0.000000 0.176004
0.142684 0.286175 0.063818 0.507322
0.095526 0.389359 0.193739 0.321376
0.000000 0.499664 0.133414 0.366922
0.000000 0.331452 0.000000 0.668548
0.000134 0.636571 0.000000 0.363294
0.000000 0.502486 0.000000 0.497514
0.000134 0.650275 0.047293 0.302297
0.079807 0.735456 0.000000 0.184737
0.175601 0.000134 0.000134 0.824130
0.046218 0.467285 0.214564 0.271933
0.019616 0.601639 0.030095 0.348650
0.032111 0.910923 0.033320 0.023646
0.124950 0.428456 0.000134 0.446460