0.012987 0.055195 0.038961 0.892857
0.082792 0.060065 0.021104 0.836039
0.068182 0.035714 0.012987 0.883117
0.081169 0.043831 0.082792 0.792208
0.037338 0.008117 0.032468 0.922078
0.038961 0.037338 0.029221 0.894481
0.001623 0.050325 0.000000 0.948052
0.003247 0.038961 0.004870 0.952922
0.045455 0.003247 0.042208 0.909091
0.034091 0.034091 0.850649 0.081169
0.900974 0.001623 0.045455 0.051948
0.004870 0.000000 0.991883 0.003247
0.899351 0.021104 0.053571 0.025974
0.038961 0.560065 0.051948 0.349026
0.383117 0.009740 0.574675 0.032468
0.077922 0.047078 0.847403 0.027597
0.753247 0.001623 0.217532 0.027597
0.060065 0.017857 0.896104 0.025974
0.014610 0.006494 0.004870 0.974026
0.001623 0.787338 0.024351 0.186688
0.014610 0.003247 0.008117 0.974026
0.001623 0.673701 0.053571 0.271104
0.379870 0.048701 0.509740 0.061688
0.025974 0.909091 0.000000 0.064935
0.019481 0.040584 0.001623 0.938312
0.003247 0.858766 0.069805 0.068182
0.008117 0.003247 0.000000 0.988636
0.045455 0.060065 0.688312 0.206169
0.030844 0.000000 0.186688 0.782468