1.000000 0.000000 0.000000 0.000000
0.034749 0.949807 0.007722 0.007722
1.000000 0.000000 0.000000 0.000000
0.057915 0.084942 0.606178 0.250965
0.710425 0.000000 0.277992 0.011583
0.073359 0.015444 0.911197 0.000000
0.038610 0.397683 0.003861 0.559846
0.208494 0.007722 0.764479 0.019305
0.992278 0.000000 0.000000 0.007722
0.305019 0.015444 0.679537 0.000000
0.984556 0.015444 0.000000 0.000000
0.046332 0.938224 0.007722 0.007722
0.023166 0.444015 0.000000 0.532819
0.023166 0.803089 0.027027 0.146718
0.023166 0.525097 0.000000 0.451737
0.397683 0.023166 0.563707 0.015444
0.015444 0.042471 0.003861 0.938224
0.027027 0.934363 0.007722 0.030888
0.034749 0.000000 0.000000 0.965251
0.027027 0.915058 0.019305 0.038610
0.540541 0.069498 0.003861 0.386100
0.984556 0.000000 0.015444 0.000000
0.625483 0.347490 0.000000 0.027027
0.714286 0.054054 0.000000 0.231660
0.895753 0.034749 0.027027 0.042471
0.903475 0.077220 0.011583 0.007722
0.849421 0.069498 0.000000 0.081081
0.872587 0.019305 0.003861 0.104247
0.888031 0.050193 0.023166 0.038610
0.621622 0.088803 0.023166 0.266409
0.822394 0.042471 0.007722 0.127413
0.637066 0.274131 0.000000 0.088803
0.861004 0.088803 0.050193 0.000000
0.764479 0.084942 0.003861 0.146718
0.810811 0.007722 0.023166 0.158301
0.795367 0.054054 0.042471 0.108108
0.714286 0.100386 0.061776 0.123552
0.633205 0.073359 0.050193 0.243243