0.384847 0.306229 0.124425 0.184498
0.058171 0.323031 0.100808 0.517990
0.055635 0.728166 0.040894 0.175305
0.183072 0.374703 0.001427 0.440799
0.149311 0.446663 0.070851 0.333175
0.230623 0.197020 0.338247 0.234110
0.003329 0.207006 0.491679 0.297987
0.076716 0.627675 0.125693 0.169916
0.111111 0.336979 0.042638 0.509272
0.069266 0.736250 0.055159 0.139325
0.423680 0.325408 0.046283 0.204628
0.060548 0.774291 0.120621 0.044540
0.178000 0.178000 0.001110 0.642891
0.057378 0.339198 0.449834 0.153590
0.002219 0.809479 0.000634 0.187668
0.413536 0.405611 0.019179 0.161674
0.361706 0.197971 0.196228 0.244096
0.063877 0.655254 0.171660 0.109209
0.121097 0.875416 0.000317 0.003170
0.140276 0.307497 0.000793 0.551434
0.058805 0.657790 0.084482 0.198922
0.153273 0.538120 0.081788 0.226819
0.226819 0.312886 0.262799 0.197496
0.138849 0.628943 0.059756 0.172452
0.152481 0.589000 0.068157 0.190363
0.001902 0.242035 0.127913 0.628150
0.044223 0.679347 0.113647 0.162783
0.040577 0.794262 0.000793 0.164368
0.106990 0.542875 0.034712 0.315422