0.067463 0.629304 0.000000 0.303233
0.000000 0.645819 0.000000 0.354181
0.073261 0.416725 0.014758 0.495257
0.073436 0.441145 0.063949 0.421469
0.000000 0.737526 0.000000 0.262474
0.006852 0.616304 0.000000 0.376845
0.155833 0.146521 0.040056 0.657590
0.000527 0.622804 0.142832 0.233837
0.024420 0.532677 0.000000 0.442902
0.000000 0.636332 0.000000 0.363668
0.126845 0.265812 0.000176 0.607168
0.017744 0.340829 0.228039 0.413387
0.075896 0.924104 0.000000 0.000000
0.032677 0.638791 0.000000 0.328531
0.097681 0.527758 0.000000 0.374561
0.136156 0.482783 0.039002 0.342059