0.448408 0.000000 0.440161 0.111431
0.303030 0.174338 0.425010 0.097622
0.545263 0.084580 0.229382 0.140775
0.542386 0.063291 0.325278 0.069045
0.498657 0.000000 0.472957 0.028385
0.387418 0.000384 0.587840 0.024357
0.613732 0.000000 0.386268 0.000000
0.939394 0.000000 0.060414 0.000192
0.380898 0.000000 0.497315 0.121787
0.523974 0.061373 0.372267 0.042386
0.372459 0.389145 0.238397 0.000000
0.999233 0.000000 0.000192 0.000575
0.338895 0.000000 0.661105 0.000000
0.636555 0.000000 0.320675 0.042769
0.455121 0.000192 0.346375 0.198312
0.631952 0.000384 0.367280 0.000384