0.308690 0.164564 0.438422 0.088324
0.400391 0.250578 0.270482 0.078550
0.500089 0.000355 0.295006 0.204549
0.273680 0.000355 0.674249 0.051715
0.327706 0.038209 0.513240 0.120846
0.266039 0.216456 0.406611 0.110894
0.528345 0.062556 0.214679 0.194420
0.074996 0.118002 0.593922 0.213080
0.296073 0.001244 0.424916 0.277768
0.242580 0.000000 0.611871 0.145548
0.210236 0.062022 0.582726 0.145015
0.216812 0.139684 0.487827 0.155678
0.395770 0.209881 0.281678 0.112671
0.329127 0.045140 0.348321 0.277412
0.196197 0.000178 0.692198 0.111427
0.200995 0.000000 0.609028 0.189977
0.330371 0.000533 0.669095 0.000000
0.183757 0.123334 0.524258 0.168651
0.406078 0.100942 0.371779 0.121201
0.247734 0.139861 0.478408 0.133997
0.405545 0.000000 0.323796 0.270659
0.207571 0.033766 0.688644 0.070020
0.229785 0.052248 0.584503 0.133464
0.082282 0.130798 0.583437 0.203483
0.428292 0.066643 0.398258 0.106806
0.401990 0.072685 0.525324 0.000000
0.376577 0.000178 0.518927 0.104318
0.252532 0.137018 0.610450 0.000000
0.475031 0.085303 0.261418 0.178248
0.326995 0.000355 0.432024 0.240626
0.087080 0.201706 0.578283 0.132931