0.269683 0.303171 0.264874 0.162273
0.359815 0.078732 0.089241 0.472212
0.290524 0.000000 0.591379 0.118098
0.343427 0.000000 0.552547 0.104026
0.463484 0.000000 0.419309 0.117207
0.255611 0.146954 0.597435 0.000000
0.000356 0.376380 0.351087 0.272177
0.194692 0.073744 0.166726 0.564838
0.123263 0.000178 0.636445 0.240114
0.175098 0.223726 0.600998 0.000178
0.541325 0.000000 0.215889 0.242786
0.207695 0.000000 0.778233 0.014072
0.371037 0.043819 0.585144 0.000000
0.426968 0.000000 0.360527 0.212504
0.265052 0.135910 0.493944 0.105094
0.582829 0.000178 0.374243 0.042750
0.359815 0.000713 0.483434 0.156038
0.393302 0.057000 0.489312 0.060385
0.506591 0.000000 0.493053 0.000356
0.323477 0.000000 0.459922 0.216601
0.275383 0.172782 0.495725 0.056110
0.430709 0.203064 0.245102 0.121126