0.340467 0.035019 0.431907 0.192607
0.000000 0.033074 0.727626 0.239300
0.223735 0.000000 0.605058 0.171206
0.029183 0.396887 0.531128 0.042802
0.000000 0.789883 0.085603 0.124514
0.044747 0.951362 0.000000 0.003891
0.536965 0.463035 0.000000 0.000000
0.556420 0.007782 0.356031 0.079767
0.000000 0.000000 1.000000 0.000000
0.023346 0.105058 0.871595 0.000000
0.000000 0.926070 0.073930 0.000000
0.684825 0.000000 0.000000 0.315175
0.060311 0.007782 0.879377 0.052529
0.000000 0.184825 0.797665 0.017510
0.165370 0.081712 0.396887 0.356031