0.004577 0.006865 0.073227 0.915332
0.025172 0.013730 0.956522 0.004577
0.009153 0.018307 0.006865 0.965675
0.013730 0.034325 0.940503 0.011442
0.004577 0.032037 0.027460 0.935927
0.025172 0.002288 0.963387 0.009153
0.029748 0.061785 0.020595 0.887872
0.100686 0.004577 0.883295 0.011442
0.004577 0.036613 0.025172 0.933638
0.034325 0.027460 0.897025 0.041190
0.013730 0.100686 0.013730 0.871854
0.116705 0.020595 0.832952 0.029748
0.009153 0.036613 0.016018 0.938215
0.032037 0.002288 0.961098 0.004577
0.004577 0.082380 0.002288 0.910755
0.052632 0.052632 0.885584 0.009153
0.006865 0.096110 0.006865 0.890160
0.102975 0.011442 0.860412 0.025172
0.002288 0.121281 0.022883 0.853547
0.109840 0.025172 0.858124 0.006865
0.020595 0.128146 0.045767 0.805492
0.135011 0.034325 0.803204 0.027460
0.016018 0.086957 0.041190 0.855835
0.048055 0.045767 0.858124 0.048055
0.011442 0.020595 0.036613 0.931350
0.116705 0.034325 0.803204 0.045767
0.054920 0.009153 0.052632 0.883295
0.034325 0.054920 0.903890 0.006865
0.022883 0.084668 0.016018 0.876430
0.132723 0.002288 0.812357 0.052632
0.032037 0.029748 0.080092 0.858124