0.018519 0.870370 0.083333 0.027778
0.777778 0.148148 0.000000 0.074074
0.083333 0.101852 0.731481 0.083333
0.018519 0.472222 0.509259 0.000000
0.037037 0.351852 0.185185 0.425926
0.037037 0.796296 0.166667 0.000000
0.212963 0.361111 0.037037 0.388889
0.111111 0.148148 0.527778 0.212963
0.000000 0.259259 0.407407 0.333333
0.046296 0.638889 0.268519 0.046296
0.185185 0.481481 0.000000 0.333333
0.037037 0.888889 0.074074 0.000000
0.175926 0.222222 0.000000 0.601852
0.000000 0.157407 0.611111 0.231481
0.000000 0.768519 0.231481 0.000000
0.000000 0.972222 0.027778 0.000000
0.379630 0.574074 0.000000 0.046296
0.185185 0.601852 0.212963 0.000000
0.268519 0.527778 0.074074 0.129630
0.231481 0.361111 0.175926 0.231481
0.000000 0.777778 0.092593 0.129630
0.018519 0.796296 0.027778 0.157407