0.337274 0.103371 0.402141 0.157214
0.182297 0.144432 0.471162 0.202109
0.303563 0.000160 0.458540 0.237738
0.319540 0.131650 0.548810 0.000000
0.507270 0.194120 0.230708 0.067902
0.335836 0.174629 0.302125 0.187410
0.509826 0.000000 0.366992 0.123183
0.300367 0.055760 0.528040 0.115833
0.474357 0.000000 0.405656 0.119987
0.297651 0.148586 0.553763 0.000000
0.557278 0.076690 0.204665 0.161368
0.373223 0.022368 0.490653 0.113756
0.389839 0.064547 0.477552 0.068062
0.521329 0.057996 0.300048 0.120626
0.296054 0.073175 0.519891 0.110880
0.341109 0.170954 0.387921 0.100016
0.551366 0.095063 0.270490 0.083080
0.432977 0.020451 0.438728 0.107845
0.217287 0.025244 0.697556 0.059914
0.420195 0.136763 0.442722 0.000320
0.570379 0.104170 0.127976 0.197476
0.352452 0.000000 0.543218 0.104330
0.308676 0.072695 0.555520 0.063109
0.502476 0.060872 0.436012 0.000639
0.247004 0.177025 0.575971 0.000000
0.780157 0.049529 0.170155 0.000160
0.453747 0.000000 0.546253 0.000000
0.463493 0.055280 0.383288 0.097939
0.461096 0.032274 0.424189 0.082441
0.385844 0.036907 0.372903 0.204346
0.267135 0.128934 0.486659 0.117271