0.000500 0.642857 0.002498 0.354146
0.000999 0.587912 0.000500 0.410589
0.000000 0.722278 0.057942 0.219780
0.225774 0.002498 0.001499 0.770230
0.000000 0.435564 0.372627 0.191808
0.000999 0.684815 0.001499 0.312687
0.178322 0.820679 0.000500 0.000500
0.122378 0.450549 0.051948 0.375125
0.002498 0.460040 0.134366 0.403097
0.126873 0.498002 0.167832 0.207293
0.183317 0.619880 0.002997 0.193806
0.129870 0.777722 0.087912 0.004496
0.254745 0.706294 0.000999 0.037962
0.143357 0.523976 0.061938 0.270729
0.206793 0.433566 0.124376 0.235265
0.249251 0.178821 0.219780 0.352148
0.005495 0.595904 0.311688 0.086913
0.164336 0.662338 0.000000 0.173327
0.191808 0.375125 0.000999 0.432068
0.000000 0.381119 0.241259 0.377622
0.000999 0.630869 0.165335 0.202797
0.166833 0.491009 0.000999 0.341159