0.000175 0.282168 0.214510 0.503147
0.000175 0.137937 0.205769 0.656119
0.063112 0.277797 0.181993 0.477098
0.000175 0.200350 0.000175 0.799301
0.000175 0.426224 0.144406 0.429196
0.130769 0.400350 0.000000 0.468881
0.052972 0.357692 0.000000 0.589336
0.000000 0.310315 0.027972 0.661713
0.000000 0.247028 0.126923 0.626049
0.000000 0.422203 0.153147 0.424650
0.160140 0.563811 0.000874 0.275175
0.091434 0.907867 0.000000 0.000699
0.273951 0.000000 0.000000 0.726049
0.000000 0.356993 0.362587 0.280420
0.105070 0.685140 0.000175 0.209615
0.305944 0.279371 0.000000 0.414685