0.520619 0.216495 0.072165 0.190722
0.051546 0.670103 0.046392 0.231959
0.634021 0.139175 0.046392 0.180412
0.051546 0.592784 0.041237 0.314433
0.628866 0.221649 0.113402 0.036082
0.041237 0.809278 0.030928 0.118557
0.731959 0.195876 0.020619 0.051546
0.144330 0.530928 0.103093 0.221649
0.737113 0.190722 0.030928 0.041237
0.154639 0.747423 0.020619 0.077320
0.690722 0.108247 0.051546 0.149485
0.139175 0.773196 0.020619 0.067010
0.819588 0.123711 0.030928 0.025773
0.128866 0.706186 0.020619 0.144330
0.793814 0.134021 0.041237 0.030928
0.020619 0.788660 0.015464 0.175258
0.824742 0.118557 0.036082 0.020619
0.051546 0.896907 0.005155 0.046392
0.912371 0.046392 0.020619 0.020619
0.041237 0.865979 0.025773 0.067010
0.798969 0.170103 0.025773 0.005155
0.118557 0.685567 0.020619 0.175258
0.824742 0.097938 0.036082 0.041237
0.139175 0.685567 0.015464 0.159794
0.762887 0.123711 0.067010 0.046392
0.072165 0.654639 0.030928 0.242268
0.670103 0.206186 0.097938 0.025773
0.273196 0.422680 0.036082 0.268041
0.664948 0.237113 0.067010 0.030928
0.175258 0.376289 0.103093 0.345361
0.608247 0.056701 0.190722 0.144330
0.041237 0.592784 0.108247 0.257732
0.659794 0.046392 0.149485 0.144330
0.185567 0.345361 0.206186 0.262887
0.603093 0.164948 0.077320 0.154639
0.108247 0.644330 0.170103 0.077320
0.680412 0.201031 0.046392 0.072165
0.123711 0.711340 0.036082 0.128866
0.798969 0.087629 0.030928 0.082474
0.067010 0.469072 0.067010 0.396907
0.592784 0.159794 0.159794 0.087629
0.051546 0.458763 0.231959 0.257732