0.767216 0.113482 0.067895 0.051406
0.219205 0.736178 0.018429 0.026188
0.914646 0.009214 0.008244 0.067895
0.147915 0.267216 0.519884 0.064985
0.903007 0.007759 0.018429 0.070805
0.125121 0.235209 0.574685 0.064985
0.321532 0.342871 0.055771 0.279825
0.327352 0.274976 0.388458 0.009214
0.980116 0.004365 0.010184 0.005335
0.184772 0.258972 0.548982 0.007274
0.937924 0.005820 0.050921 0.005335
0.141125 0.787100 0.008244 0.063531
0.336566 0.222599 0.004365 0.436469
0.088264 0.783220 0.016974 0.111542
0.340931 0.293889 0.007274 0.357905
0.290495 0.283705 0.414646 0.011154
0.322987 0.074200 0.008244 0.594568
0.016489 0.822502 0.075655 0.085354
0.334142 0.068380 0.006305 0.591174
0.141610 0.748303 0.047527 0.062561
0.857905 0.022793 0.006790 0.112512
0.670708 0.302134 0.016004 0.011154
0.871484 0.070320 0.006790 0.051406
0.628516 0.241998 0.075170 0.054316
0.872454 0.017459 0.090204 0.019884
0.599418 0.251212 0.067895 0.081474
0.865179 0.096023 0.016004 0.022793
0.697866 0.259942 0.016489 0.025703
0.832687 0.014064 0.076140 0.077110
0.595538 0.205141 0.083414 0.115907