0.108527 0.131783 0.100775 0.658915
0.139535 0.151163 0.112403 0.596899
0.135659 0.124031 0.085271 0.655039
0.124031 0.147287 0.116279 0.612403
0.127907 0.127907 0.069767 0.674419
0.073643 0.139535 0.062016 0.724806
0.069767 0.124031 0.011628 0.794574
0.077519 0.127907 0.046512 0.748062
0.058140 0.081395 0.007752 0.852713
0.042636 0.069767 0.023256 0.864341
0.046512 0.054264 0.023256 0.875969
0.038760 0.042636 0.073643 0.844961
0.003876 0.034884 0.034884 0.926357
0.031008 0.046512 0.034884 0.887597
0.019380 0.046512 0.015504 0.918605
0.038760 0.058140 0.042636 0.860465
0.034884 0.023256 0.019380 0.922481
0.023256 0.042636 0.034884 0.899225
0.003876 0.034884 0.011628 0.949612
0.000000 0.031008 0.038760 0.930233
0.023256 0.034884 0.054264 0.887597
0.038760 0.062016 0.011628 0.887597
0.104651 0.019380 0.046512 0.829457
0.073643 0.015504 0.860465 0.050388
0.949612 0.003876 0.027132 0.019380
0.031008 0.015504 0.949612 0.003876
0.903101 0.019380 0.050388 0.027132
0.031008 0.608527 0.011628 0.348837
0.534884 0.015504 0.410853 0.038760
0.054264 0.031008 0.903101 0.011628
0.647287 0.027132 0.302326 0.023256
0.038760 0.011628 0.922481 0.027132
0.003876 0.007752 0.000000 0.988372
0.000000 0.910853 0.015504 0.073643
0.000000 0.000000 0.003876 0.996124
0.015504 0.593023 0.019380 0.372093
0.313953 0.042636 0.600775 0.042636
0.007752 0.930233 0.023256 0.038760
0.015504 0.058140 0.003876 0.922481
0.077519 0.860465 0.023256 0.038760
0.000000 0.019380 0.000000 0.980620
0.023256 0.007752 0.945736 0.023256
0.007752 0.019380 0.000000 0.972868
0.007752 0.647287 0.007752 0.337209
0.368217 0.007752 0.600775 0.023256
0.000000 0.953488 0.007752 0.038760
0.003876 0.922481 0.007752 0.065891
0.000000 0.941860 0.011628 0.046512
0.968992 0.003876 0.019380 0.007752
0.003876 0.011628 0.976744 0.007752
0.034884 0.019380 0.941860 0.003876
0.007752 0.957364 0.000000 0.034884
0.003876 0.023256 0.015504 0.957364
0.038760 0.003876 0.949612 0.007752
0.042636 0.019380 0.926357 0.011628