0.648396 0.000307 0.247966 0.103332
0.568862 0.134040 0.163673 0.133425
0.906495 0.000000 0.093352 0.000154
0.500077 0.068632 0.328881 0.102411
0.502840 0.307846 0.189160 0.000154
0.811300 0.188392 0.000307 0.000000
0.551666 0.212652 0.170582 0.065101
0.624597 0.077691 0.098879 0.198833
0.534162 0.073238 0.392599 0.000000
0.698603 0.000154 0.260402 0.040841
0.520190 0.052971 0.272839 0.154000
0.729618 0.000154 0.270229 0.000000
0.499002 0.222939 0.136957 0.141102
0.541686 0.198065 0.168125 0.092123
0.766467 0.019192 0.214187 0.000154
0.719484 0.029326 0.251190 0.000000
0.354368 0.124981 0.444803 0.075848
0.623829 0.161677 0.127284 0.087210
0.482727 0.196069 0.144787 0.176416
0.702288 0.081222 0.183479 0.033011
0.432059 0.214033 0.236450 0.117457
0.641947 0.000154 0.193306 0.164594