0.397746 0.098229 0.119163 0.384863
0.177134 0.107890 0.069243 0.645733
0.190016 0.064412 0.103060 0.642512
0.360709 0.143317 0.175523 0.320451
0.000000 0.075684 0.123994 0.800322
0.000000 0.119163 0.230274 0.650564
0.135266 0.156200 0.112721 0.595813
0.162641 0.091787 0.140097 0.605475
0.251208 0.198068 0.000000 0.550725
0.301127 0.000000 0.000000 0.698873
0.352657 0.025765 0.152979 0.468599
0.616747 0.040258 0.070853 0.272142
1.000000 0.000000 0.000000 0.000000
0.425121 0.077295 0.186795 0.310789
0.426731 0.085346 0.074074 0.413849
0.115942 0.000000 0.000000 0.884058
0.170692 0.223833 0.210950 0.394525
0.128824 0.333333 0.000000 0.537842
0.399356 0.088567 0.000000 0.512077
0.207729 0.000000 0.103060 0.689211
0.000000 0.104670 0.000000 0.895330
0.128824 0.138486 0.030596 0.702093
0.291465 0.075684 0.046699 0.586151
0.404187 0.000000 0.104670 0.491143
0.301127 0.133655 0.088567 0.476651
0.260870 0.000000 0.095008 0.644122
0.259259 0.000000 0.048309 0.692432
0.325282 0.173913 0.225443 0.275362
0.500805 0.000000 0.028986 0.470209
0.262480 0.000000 0.122383 0.615137