0.688286 0.000559 0.137545 0.173609
0.838971 0.000000 0.160190 0.000839
0.675426 0.088901 0.064579 0.171093
0.525301 0.178362 0.113503 0.182835
0.620632 0.000000 0.098686 0.280682
0.556053 0.074084 0.267543 0.102320
0.597987 0.186749 0.214985 0.000280
0.732178 0.141739 0.000000 0.126083
0.581493 0.093933 0.204361 0.120212
0.859659 0.000000 0.138384 0.001957
0.771317 0.037462 0.190942 0.000280
0.702544 0.048924 0.158513 0.090020
0.611406 0.105116 0.195695 0.087783
0.724350 0.129997 0.103998 0.041655
0.738049 0.000559 0.167738 0.093654
0.729103 0.089460 0.181157 0.000280
0.673749 0.263629 0.000559 0.062063
0.699748 0.150685 0.000559 0.149008
0.581493 0.222253 0.195415 0.000839
0.993011 0.006150 0.000839 0.000000
0.708415 0.183673 0.000839 0.107073
0.761532 0.000000 0.153481 0.084987