0.183167 0.595378 0.000000 0.221456
0.367713 0.000000 0.000000 0.632287
0.099690 0.148672 0.355640 0.395999
0.151087 0.439117 0.000690 0.409107
0.147292 0.320455 0.028976 0.503277
0.110038 0.279407 0.098655 0.511901
0.083822 0.618834 0.005864 0.291480
0.081407 0.000345 0.000000 0.918248
0.000000 0.251811 0.269058 0.479131
0.017247 0.399448 0.057951 0.525354
0.000345 0.605726 0.000000 0.393929
0.000000 0.254226 0.021387 0.724388
0.070369 0.155226 0.211797 0.562608
0.124871 0.281476 0.149362 0.444291
0.007934 0.633322 0.005864 0.352880
0.000345 0.353915 0.000000 0.645740