0.264368 0.123218 0.163678 0.448736
0.245057 0.338851 0.165977 0.250115
0.377931 0.076322 0.118621 0.427126
0.418851 0.292414 0.206897 0.081839
0.771494 0.110345 0.002299 0.115862
0.793103 0.001839 0.151724 0.053333
0.857471 0.025747 0.115402 0.001379
0.939310 0.000920 0.001379 0.058391
0.812414 0.066667 0.120000 0.000920
0.681379 0.047816 0.116322 0.154483
0.697011 0.001839 0.215632 0.085517
0.854713 0.049195 0.065287 0.030805
0.997241 0.001379 0.000460 0.000920
0.848736 0.001839 0.000920 0.148506
0.727356 0.097471 0.173793 0.001379
0.793563 0.001839 0.136552 0.068046
0.754483 0.002299 0.114943 0.128276
0.677241 0.068046 0.154023 0.100690
0.760920 0.069425 0.102529 0.067126
0.712644 0.096092 0.090575 0.100690
0.876322 0.003678 0.004138 0.115862
0.652874 0.083678 0.198161 0.065287
0.765057 0.121839 0.002299 0.110805
0.712184 0.064368 0.155402 0.068046
0.695172 0.000920 0.207356 0.096552
0.506667 0.111724 0.234943 0.146667
0.536092 0.181609 0.141609 0.140690
0.622069 0.100230 0.176092 0.101609
0.465747 0.106667 0.225287 0.202299
0.502069 0.081379 0.228506 0.188046
0.591264 0.168736 0.003678 0.236322