0.807011 0.096118 0.096871 0.000000
0.617414 0.083302 0.257444 0.041839
0.897098 0.040709 0.062194 0.000000
0.631738 0.000000 0.269506 0.098756
0.611383 0.000377 0.278553 0.109687
0.444026 0.234452 0.208066 0.113456
0.839804 0.000000 0.157181 0.003015
0.579344 0.089710 0.270637 0.060309
0.768187 0.070109 0.151904 0.009800
0.648323 0.159442 0.192235 0.000000
0.940822 0.006785 0.000000 0.052394
0.462872 0.110818 0.283830 0.142480
0.576706 0.140972 0.282322 0.000000
0.684131 0.191481 0.123257 0.001131
0.829627 0.069732 0.100641 0.000000
0.589898 0.000377 0.199774 0.209951
0.483980 0.014700 0.298530 0.202789
0.451187 0.310969 0.134565 0.103279
0.603091 0.163211 0.075763 0.157934
0.554090 0.195251 0.148134 0.102525
0.580098 0.141349 0.115341 0.163211
0.454580 0.144742 0.187712 0.212966