0.171114 0.303823 0.246845 0.278219
0.295348 0.647494 0.054093 0.003065
0.293545 0.104219 0.000180 0.602056
0.072124 0.441219 0.225207 0.261450
0.106924 0.512982 0.031194 0.348900
0.198702 0.382979 0.034259 0.384061
0.117202 0.440498 0.123693 0.318608
0.097367 0.714208 0.061125 0.127299
0.395781 0.060945 0.000000 0.543274
0.192752 0.277678 0.364226 0.165344
0.134872 0.353408 0.186982 0.324739
0.000000 0.652001 0.169311 0.178687
0.174901 0.304724 0.000180 0.520195
0.000361 0.530472 0.181572 0.287595
0.303462 0.281284 0.100613 0.314641
0.235485 0.269383 0.285792 0.209340
0.108186 0.353588 0.212946 0.325279
0.125496 0.617562 0.092679 0.164263
0.225748 0.360260 0.012441 0.401551
0.140281 0.692391 0.079697 0.087631
0.284710 0.245402 0.028128 0.441760
0.134872 0.342229 0.326542 0.196358
0.197259 0.000000 0.219978 0.582762
0.119185 0.316264 0.393076 0.171475
0.103498 0.500721 0.137396 0.258384
0.140642 0.480887 0.000180 0.378291
0.206455 0.254237 0.095023 0.444284
0.000180 0.459070 0.173999 0.366751
0.000361 0.588713 0.000000 0.410927
0.136855 0.406780 0.074829 0.381536