0.325912 0.230902 0.254127 0.189060
0.292514 0.061996 0.421689 0.223800
0.220729 0.041075 0.566603 0.171593
0.072745 0.344722 0.582342 0.000192
0.861420 0.079846 0.056622 0.002111
0.339923 0.031478 0.600000 0.028599
0.300000 0.230710 0.414587 0.054702
0.221689 0.499616 0.232630 0.046065
0.512668 0.000000 0.094242 0.393090
0.000000 0.000000 0.919578 0.080422
0.201536 0.069866 0.557198 0.171401
0.364683 0.138196 0.421497 0.075624
0.395393 0.214012 0.307486 0.083109
0.352591 0.092322 0.244146 0.310940
0.288676 0.100384 0.468138 0.142802
0.186372 0.171977 0.478887 0.162764
0.298081 0.182726 0.351823 0.167370
0.430134 0.000192 0.358349 0.211324
0.092706 0.079079 0.672361 0.155854
0.270250 0.154319 0.438964 0.136468
0.433589 0.136660 0.428983 0.000768
0.164875 0.298273 0.378503 0.158349
0.394242 0.183109 0.180806 0.241843
0.191171 0.115931 0.478503 0.214395
0.328983 0.218042 0.394434 0.058541
0.268714 0.177351 0.366411 0.187524
0.321113 0.102303 0.371401 0.205182
0.316699 0.000192 0.577927 0.105182
0.443186 0.000192 0.328407 0.228215
0.296353 0.000000 0.576008 0.127639