0.916667 0.008772 0.048246 0.026316
0.105263 0.004386 0.881579 0.008772
0.013158 0.236842 0.710526 0.039474
0.013158 0.311404 0.013158 0.662281
0.008772 0.947368 0.008772 0.035088
0.956140 0.004386 0.030702 0.008772
0.043860 0.004386 0.942982 0.008772
0.021930 0.000000 0.973684 0.004386
0.947368 0.026316 0.013158 0.013158
0.035088 0.017544 0.934211 0.013158
0.175439 0.052632 0.008772 0.763158
0.000000 0.021930 0.000000 0.978070
0.008772 0.640351 0.043860 0.307018
0.302632 0.021930 0.657895 0.017544
0.986842 0.000000 0.008772 0.004386
0.035088 0.021930 0.942982 0.000000
0.960526 0.004386 0.026316 0.008772
0.017544 0.872807 0.030702 0.078947
0.013158 0.907895 0.008772 0.070175
0.960526 0.000000 0.021930 0.017544
0.008772 0.021930 0.776316 0.192982
0.017544 0.956140 0.000000 0.026316
0.004386 0.973684 0.004386 0.017544
0.008772 0.013158 0.004386 0.973684
0.035088 0.008772 0.942982 0.013158
0.087719 0.026316 0.881579 0.004386
0.030702 0.587719 0.350877 0.030702
0.021930 0.811404 0.008772 0.157895
0.969298 0.013158 0.013158 0.004386
0.960526 0.000000 0.026316 0.013158
0.017544 0.842105 0.030702 0.109649
0.925439 0.013158 0.057018 0.004386
0.048246 0.131579 0.035088 0.785088
0.293860 0.004386 0.692982 0.008772
0.083333 0.013158 0.899123 0.004386
0.039474 0.254386 0.026316 0.679825
0.192982 0.017544 0.789474 0.000000
0.982456 0.004386 0.008772 0.004386
0.758772 0.008772 0.228070 0.004386
0.982456 0.004386 0.008772 0.004386
0.017544 0.907895 0.008772 0.065789
0.030702 0.877193 0.013158 0.078947
0.035088 0.846491 0.013158 0.105263