0.009146 0.019055 0.019055 0.952744
0.030488 0.006098 0.948933 0.014482
0.048780 0.012195 0.926829 0.012195
0.004573 0.867378 0.010671 0.117378
0.099085 0.011433 0.121951 0.767530
0.013720 0.820884 0.064787 0.100610
0.830793 0.009146 0.147866 0.012195
0.014482 0.621951 0.011433 0.352134
0.324695 0.010671 0.634909 0.029726
0.007622 0.922256 0.012195 0.057927
0.005335 0.958079 0.003049 0.033537
0.006860 0.018293 0.004573 0.970274
0.085366 0.008384 0.900915 0.005335
0.005335 0.025152 0.011433 0.958079
0.957317 0.012195 0.025152 0.005335
0.849085 0.003049 0.141768 0.006098
0.003049 0.014482 0.002287 0.980183
0.006860 0.951982 0.004573 0.036585
0.008384 0.906250 0.004573 0.080793
0.006098 0.910823 0.003811 0.079268
0.983994 0.003049 0.006860 0.006098
0.083079 0.006860 0.904726 0.005335
0.015244 0.941311 0.003811 0.039634
0.737043 0.009909 0.020579 0.232470
0.227896 0.701982 0.025915 0.044207
0.004573 0.230183 0.011433 0.753811
0.003049 0.025152 0.015244 0.956555
0.009146 0.110518 0.017530 0.862805
0.090701 0.010671 0.886433 0.012195
0.056402 0.003049 0.933689 0.006860
0.035823 0.004573 0.956555 0.003049
0.976372 0.006098 0.012957 0.004573
0.057927 0.003811 0.931402 0.006860
0.041159 0.011433 0.932927 0.014482
0.014482 0.934451 0.014482 0.036585
0.024390 0.504573 0.012957 0.458079
0.252287 0.016768 0.720274 0.010671
0.967226 0.007622 0.019055 0.006098
0.057927 0.011433 0.925305 0.005335
0.057165 0.012195 0.914634 0.016006
0.028201 0.646341 0.021341 0.304116
0.455030 0.015244 0.512957 0.016768
0.068598 0.016768 0.900915 0.013720