0.006231 0.233645 0.011423 0.748702
0.008307 0.012461 0.007269 0.971963
0.009346 0.789200 0.008307 0.193146
0.671859 0.032191 0.229491 0.066459
0.010384 0.902388 0.009346 0.077882
0.002077 0.703011 0.003115 0.291796
0.828660 0.023884 0.123572 0.023884
0.007269 0.042575 0.013499 0.936656
0.078920 0.018692 0.872274 0.030114
0.003115 0.017653 0.008307 0.970924
0.006231 0.005192 0.005192 0.983385
0.133956 0.005192 0.849429 0.011423
0.028037 0.328141 0.608515 0.035306
0.009346 0.846314 0.003115 0.141225
0.013499 0.939772 0.007269 0.039460
0.978193 0.001038 0.011423 0.009346
0.035306 0.007269 0.946002 0.011423
0.055036 0.014538 0.917965 0.012461
0.136033 0.809969 0.018692 0.035306
0.009346 0.009346 0.001038 0.980270
0.036345 0.006231 0.941848 0.015576
0.039460 0.014538 0.931464 0.014538
0.010384 0.035306 0.007269 0.947040
0.008307 0.942887 0.013499 0.035306
0.007269 0.010384 0.008307 0.974039
0.006231 0.647975 0.029076 0.316719
0.298027 0.028037 0.654206 0.019730
0.978193 0.007269 0.012461 0.002077
0.855659 0.004154 0.014538 0.125649
0.008307 0.936656 0.008307 0.046729
0.003115 0.016615 0.013499 0.966771
0.006231 0.950156 0.012461 0.031153
0.008307 0.911734 0.008307 0.071651
0.013499 0.052960 0.007269 0.926272
0.062305 0.005192 0.930426 0.002077
0.666667 0.007269 0.319834 0.006231
0.033229 0.705088 0.231568 0.030114
0.007269 0.922118 0.006231 0.064382
0.011423 0.012461 0.006231 0.969886
0.007269 0.878505 0.017653 0.096573
0.807892 0.013499 0.173416 0.005192
0.500519 0.009346 0.273105 0.217030
0.065421 0.006231 0.910696 0.017653