0.021912 0.039841 0.015936 0.922311
0.912351 0.013944 0.059761 0.013944
0.595618 0.011952 0.372510 0.019920
0.005976 0.027888 0.013944 0.952191
0.013944 0.928287 0.009960 0.047809
0.025896 0.896414 0.011952 0.065737
0.017928 0.904382 0.003984 0.073705
0.966135 0.013944 0.017928 0.001992
0.069721 0.009960 0.912351 0.007968
0.033865 0.932271 0.013944 0.019920
0.296813 0.021912 0.033865 0.647410
0.635458 0.300797 0.027888 0.035857
0.005976 0.621514 0.015936 0.356574
0.005976 0.033865 0.013944 0.946215
0.019920 0.410359 0.027888 0.541833
0.235060 0.017928 0.717131 0.029880
0.067729 0.009960 0.914343 0.007968
0.043825 0.005976 0.940239 0.009960
0.974104 0.005976 0.013944 0.005976
0.041833 0.007968 0.948207 0.001992
0.061753 0.005976 0.920319 0.011952
0.009960 0.928287 0.017928 0.043825
0.023904 0.183267 0.003984 0.788845
0.141434 0.007968 0.840637 0.009960
0.988048 0.001992 0.005976 0.003984
0.043825 0.003984 0.940239 0.011952
0.067729 0.009960 0.914343 0.007968
0.025896 0.691235 0.011952 0.270916
0.633466 0.003984 0.324701 0.037849
0.041833 0.027888 0.916335 0.013944
0.085657 0.003984 0.906375 0.003984
0.812749 0.085657 0.019920 0.081673
0.093625 0.001992 0.898406 0.005976
0.492032 0.005976 0.494024 0.007968
0.972112 0.007968 0.009960 0.009960
0.007968 0.041833 0.005976 0.944223
0.021912 0.577689 0.123506 0.276892
0.362550 0.023904 0.587649 0.025896
0.003984 0.924303 0.001992 0.069721
0.031873 0.085657 0.073705 0.808765
0.003984 0.029880 0.015936 0.950199
0.035857 0.003984 0.954183 0.005976
0.974104 0.005976 0.011952 0.007968
0.515936 0.003984 0.470120 0.009960
0.017928 0.745020 0.185259 0.051793
0.015936 0.798805 0.005976 0.179283
0.023904 0.737052 0.007968 0.231076
0.621514 0.003984 0.356574 0.017928
0.021912 0.007968 0.962151 0.007968
0.053785 0.005976 0.926295 0.013944
0.970120 0.003984 0.019920 0.005976
0.059761 0.005976 0.928287 0.005976
0.049801 0.025896 0.503984 0.420319
0.011952 0.342629 0.021912 0.623506
0.201195 0.268924 0.350598 0.179283
0.199203 0.023904 0.764940 0.011952
0.956175 0.009960 0.025896 0.007968
0.063745 0.007968 0.906375 0.021912
0.334661 0.115538 0.527888 0.021912
0.013944 0.450199 0.029880 0.505976