0.018519 0.962963 0.018519 0.000000
0.907407 0.055556 0.037037 0.000000
0.018519 0.944444 0.000000 0.037037
0.037037 0.018519 0.000000 0.944444
0.027778 0.000000 0.972222 0.000000
0.000000 0.916667 0.083333 0.000000
0.916667 0.018519 0.064815 0.000000
0.425926 0.027778 0.546296 0.000000
0.064815 0.851852 0.037037 0.046296
0.000000 0.953704 0.000000 0.046296
0.000000 0.037037 0.000000 0.962963
0.027778 0.935185 0.037037 0.000000
0.305556 0.037037 0.231481 0.425926
0.518519 0.046296 0.435185 0.000000
0.268519 0.583333 0.037037 0.111111
0.018519 0.861111 0.037037 0.083333
0.000000 0.037037 0.027778 0.935185
0.000000 0.935185 0.037037 0.027778
0.018519 0.861111 0.000000 0.120370
0.018519 0.398148 0.046296 0.537037
0.259259 0.027778 0.685185 0.027778
0.083333 0.009259 0.879630 0.027778
0.000000 0.046296 0.925926 0.027778
0.000000 0.555556 0.055556 0.388889
0.018519 0.037037 0.009259 0.935185
0.000000 0.935185 0.018519 0.046296
0.888889 0.101852 0.000000 0.009259
0.953704 0.037037 0.000000 0.009259
0.000000 0.037037 0.944444 0.018519
0.064815 0.527778 0.074074 0.333333