0.041475 0.184332 0.152074 0.622120
0.043779 0.642857 0.000000 0.313364
0.009217 0.792627 0.034562 0.163594
0.076037 0.327189 0.000000 0.596774
0.000000 0.891705 0.000000 0.108295
0.129032 0.870968 0.000000 0.000000
0.177419 0.329493 0.043779 0.449309
0.191244 0.274194 0.426267 0.108295
0.000000 0.716590 0.000000 0.283410
0.000000 0.974654 0.000000 0.025346
0.135945 0.232719 0.032258 0.599078
0.027650 0.725806 0.168203 0.078341
0.465438 0.200461 0.122120 0.211982
0.115207 0.000000 0.806452 0.078341
0.000000 0.753456 0.131336 0.115207
0.000000 0.804147 0.016129 0.179724
0.046083 0.152074 0.078341 0.723502
0.041475 0.831797 0.073733 0.052995
0.000000 0.877880 0.000000 0.122120
0.142857 0.573733 0.000000 0.283410