0.000000 0.985075 0.014925 0.000000
0.059701 0.522388 0.014925 0.402985
0.268657 0.000000 0.716418 0.014925
0.059701 0.895522 0.029851 0.014925
0.000000 0.925373 0.000000 0.074627
0.044776 0.014925 0.000000 0.940299
0.000000 0.985075 0.014925 0.000000
0.000000 0.940299 0.000000 0.059701
0.014925 0.671642 0.014925 0.298507
0.328358 0.000000 0.626866 0.044776
0.000000 0.000000 0.940299 0.059701
0.059701 0.000000 0.940299 0.000000
0.014925 0.074627 0.014925 0.895522
0.000000 0.014925 0.000000 0.985075
0.014925 0.940299 0.000000 0.044776
0.985075 0.000000 0.014925 0.000000
0.970149 0.014925 0.000000 0.014925
0.000000 0.029851 0.955224 0.014925
0.000000 0.880597 0.029851 0.089552
0.343284 0.059701 0.552239 0.044776
0.940299 0.000000 0.059701 0.000000
0.000000 0.000000 0.000000 1.000000
0.000000 0.044776 0.000000 0.955224
0.014925 0.955224 0.000000 0.029851
0.000000 0.014925 0.000000 0.985075
0.000000 0.925373 0.000000 0.074627
0.059701 0.761194 0.104478 0.074627
0.000000 0.044776 0.000000 0.955224
0.074627 0.014925 0.910448 0.000000
0.014925 0.970149 0.000000 0.014925
0.000000 0.910448 0.000000 0.089552
0.000000 0.014925 0.000000 0.985075
0.000000 0.970149 0.000000 0.029851
1.000000 0.000000 0.000000 0.000000
0.000000 0.014925 0.985075 0.000000
0.014925 0.970149 0.000000 0.014925
0.000000 0.925373 0.000000 0.074627
0.000000 0.014925 0.000000 0.985075
0.000000 0.970149 0.000000 0.029851
0.000000 0.940299 0.029851 0.029851
0.014925 0.611940 0.029851 0.343284
0.298507 0.074627 0.597015 0.029851
0.895522 0.014925 0.029851 0.059701
0.059701 0.000000 0.940299 0.000000
0.000000 0.074627 0.000000 0.925373
0.970149 0.014925 0.014925 0.000000
0.104478 0.014925 0.820896 0.059701
0.014925 0.895522 0.059701 0.029851
0.000000 0.014925 0.029851 0.955224
0.014925 0.000000 0.940299 0.044776
0.119403 0.014925 0.850746 0.014925
0.000000 0.000000 0.955224 0.044776
0.910448 0.014925 0.059701 0.014925