0.004673 0.934579 0.007009 0.053738
0.014019 0.525701 0.021028 0.439252
0.259346 0.025701 0.668224 0.046729
0.074766 0.009346 0.904206 0.011682
0.077103 0.032710 0.866822 0.023364
0.007009 0.235981 0.009346 0.747664
0.002336 0.025701 0.009346 0.962617
0.009346 0.922897 0.014019 0.053738
0.941589 0.018692 0.028037 0.011682
0.803738 0.116822 0.056075 0.023364
0.063084 0.009346 0.915888 0.011682
0.044393 0.663551 0.028037 0.264019
0.280374 0.161215 0.542056 0.016355
0.948598 0.007009 0.039720 0.004673
0.002336 0.011682 0.011682 0.974299
0.014019 0.207944 0.004673 0.773364
0.011682 0.922897 0.016355 0.049065
0.018692 0.028037 0.007009 0.946262
0.007009 0.883178 0.011682 0.098131
0.030374 0.897196 0.039720 0.032710
0.018692 0.179907 0.007009 0.794393
0.168224 0.018692 0.806075 0.007009
0.011682 0.906542 0.004673 0.077103
0.007009 0.929907 0.007009 0.056075
0.002336 0.009346 0.002336 0.985981
0.009346 0.939252 0.000000 0.051402
0.950935 0.004673 0.032710 0.011682
0.023364 0.009346 0.962617 0.004673
0.009346 0.943925 0.009346 0.037383
0.016355 0.929907 0.000000 0.053738
0.018692 0.011682 0.000000 0.969626
0.009346 0.918224 0.007009 0.065421
0.011682 0.950935 0.007009 0.030374
0.039720 0.574766 0.009346 0.376168
0.280374 0.037383 0.649533 0.032710
0.960280 0.009346 0.018692 0.011682
0.063084 0.002336 0.925234 0.009346
0.004673 0.032710 0.032710 0.929907
0.955607 0.000000 0.009346 0.035047
0.023364 0.004673 0.960280 0.011682
0.007009 0.962617 0.002336 0.028037
0.004673 0.004673 0.004673 0.985981
0.053738 0.002336 0.936916 0.007009
0.060748 0.004673 0.927570 0.007009
0.067757 0.004673 0.915888 0.011682
0.974299 0.004673 0.021028 0.000000
0.000000 0.467290 0.004673 0.528037
0.011682 0.046729 0.011682 0.929907
0.971963 0.004673 0.021028 0.002336
0.014019 0.894860 0.002336 0.088785
0.981308 0.000000 0.016355 0.002336
0.056075 0.009346 0.929907 0.004673
0.028037 0.014019 0.946262 0.011682
0.011682 0.675234 0.018692 0.294393
0.478972 0.009346 0.497664 0.014019
0.018692 0.616822 0.018692 0.345794
0.205607 0.322430 0.441589 0.030374
0.072430 0.551402 0.023364 0.352804
0.345794 0.028037 0.614486 0.011682
0.011682 0.950935 0.014019 0.023364
0.009346 0.948598 0.004673 0.037383
0.955607 0.023364 0.009346 0.011682