0.007752 0.968992 0.000000 0.023256
0.961240 0.007752 0.031008 0.000000
0.023256 0.000000 0.968992 0.007752
0.007752 0.007752 0.976744 0.007752
0.984496 0.007752 0.007752 0.000000
0.046512 0.007752 0.945736 0.000000
0.178295 0.000000 0.000000 0.821705
0.000000 0.000000 0.000000 1.000000
0.000000 0.837209 0.015504 0.147287
0.387597 0.007752 0.604651 0.000000
0.992248 0.007752 0.000000 0.000000
0.000000 0.007752 0.976744 0.015504
0.984496 0.015504 0.000000 0.000000
0.015504 0.906977 0.031008 0.046512
0.007752 0.968992 0.000000 0.023256
0.984496 0.000000 0.015504 0.000000
0.007752 0.000000 0.837209 0.155039
0.000000 0.976744 0.000000 0.023256
0.000000 0.984496 0.000000 0.015504
0.007752 0.007752 0.000000 0.984496
0.007752 0.000000 0.976744 0.015504
0.124031 0.023256 0.852713 0.000000
0.015504 0.860465 0.124031 0.000000
0.007752 0.914729 0.000000 0.077519
0.992248 0.007752 0.000000 0.000000
0.984496 0.000000 0.015504 0.000000
0.000000 0.945736 0.015504 0.038760
0.968992 0.000000 0.031008 0.000000
0.007752 0.124031 0.007752 0.860465
0.069767 0.000000 0.922481 0.007752
0.015504 0.007752 0.976744 0.000000
0.007752 0.271318 0.000000 0.720930
0.209302 0.000000 0.782946 0.007752
0.992248 0.000000 0.007752 0.000000
0.992248 0.007752 0.000000 0.000000
0.984496 0.000000 0.000000 0.015504
0.007752 0.953488 0.007752 0.031008
0.015504 0.945736 0.015504 0.023256
0.007752 0.984496 0.000000 0.007752
0.007752 0.759690 0.000000 0.232558
0.395349 0.000000 0.589147 0.015504
0.000000 0.031008 0.000000 0.968992
0.000000 0.992248 0.007752 0.000000
0.007752 0.015504 0.000000 0.976744
0.000000 0.976744 0.000000 0.023256
0.000000 0.000000 0.000000 1.000000
0.961240 0.007752 0.031008 0.000000
0.000000 0.930233 0.000000 0.069767