0.010135 0.942568 0.010135 0.037162
0.013514 0.932432 0.003378 0.050676
0.010135 0.020270 0.010135 0.959459
0.003378 0.780405 0.020270 0.195946
0.557432 0.027027 0.391892 0.023649
0.037162 0.010135 0.945946 0.006757
0.010135 0.966216 0.006757 0.016892
0.003378 0.945946 0.003378 0.047297
0.010135 0.006757 0.000000 0.983108
0.000000 0.966216 0.010135 0.023649
0.013514 0.942568 0.003378 0.040541
0.020270 0.777027 0.013514 0.189189
0.682432 0.016892 0.270270 0.030405
0.959459 0.006757 0.020270 0.013514
0.597973 0.003378 0.395270 0.003378
0.027027 0.003378 0.567568 0.402027
0.408784 0.023649 0.010135 0.557432
0.040541 0.013514 0.922297 0.023649
0.003378 0.939189 0.003378 0.054054
0.006757 0.010135 0.003378 0.979730
0.081081 0.006757 0.908784 0.003378
0.047297 0.000000 0.952703 0.000000
0.006757 0.003378 0.989865 0.000000
0.983108 0.003378 0.010135 0.003378
0.000000 0.239865 0.000000 0.760135
0.006757 0.064189 0.006757 0.922297
0.962838 0.006757 0.020270 0.010135
0.010135 0.881757 0.013514 0.094595