0.371429 0.285714 0.342857 0.000000
0.000000 0.800000 0.200000 0.000000
0.000000 0.000000 0.000000 1.000000
0.000000 0.514286 0.457143 0.028571
0.000000 0.971429 0.000000 0.028571
0.057143 0.914286 0.028571 0.000000
0.000000 0.000000 0.000000 1.000000
0.000000 0.000000 0.571429 0.428571
0.142857 0.514286 0.342857 0.000000
0.000000 0.800000 0.171429 0.028571
0.000000 0.914286 0.000000 0.085714
0.000000 0.771429 0.057143 0.171429
0.000000 0.885714 0.000000 0.114286
0.828571 0.000000 0.000000 0.171429
0.028571 0.000000 0.371429 0.600000
0.000000 0.542857 0.371429 0.085714