0.155378 0.000000 0.155378 0.689243
0.227092 0.079681 0.693227 0.000000
0.179283 0.087649 0.000000 0.733068
0.107570 0.000000 0.772908 0.119522
0.000000 0.649402 0.111554 0.239044
0.043825 0.860558 0.087649 0.007968
0.892430 0.000000 0.000000 0.107570
0.000000 0.043825 0.956175 0.000000
0.155378 0.179283 0.581673 0.083665
0.071713 0.812749 0.000000 0.115538
0.649402 0.139442 0.039841 0.171315
0.019920 0.908367 0.071713 0.000000
0.203187 0.000000 0.000000 0.796813
0.079681 0.047809 0.864542 0.007968
0.103586 0.203187 0.099602 0.593625
0.115538 0.000000 0.478088 0.406375
0.079681 0.729084 0.143426 0.047809
0.063745 0.354582 0.055777 0.525896
0.657371 0.250996 0.091633 0.000000
0.561753 0.000000 0.438247 0.000000
0.127490 0.119522 0.752988 0.000000
0.219124 0.486056 0.003984 0.290837