0.000000 0.203488 0.379845 0.416667
0.000000 0.732558 0.267442 0.000000
0.094961 0.678295 0.000000 0.226744
0.129845 0.598837 0.000000 0.271318
0.000000 0.998062 0.000000 0.001938
0.560078 0.000000 0.034884 0.405039
0.000000 0.259690 0.740310 0.000000
0.050388 0.542636 0.234496 0.172481
0.000000 0.947674 0.052326 0.000000
0.273256 0.511628 0.000000 0.215116
0.000000 0.891473 0.000000 0.108527
0.428295 0.339147 0.000000 0.232558
0.000000 0.000000 0.436047 0.563953
0.000000 0.000000 0.945736 0.054264
0.178295 0.000000 0.821705 0.000000
0.308140 0.505814 0.075581 0.110465