0.020833 0.125000 0.104167 0.750000
0.145833 0.083333 0.625000 0.145833
0.208333 0.062500 0.729167 0.000000
0.229167 0.145833 0.541667 0.083333
0.062500 0.708333 0.104167 0.125000
0.729167 0.145833 0.062500 0.062500
0.770833 0.000000 0.145833 0.083333
0.166667 0.062500 0.729167 0.041667
0.062500 0.187500 0.083333 0.666667
0.020833 0.312500 0.062500 0.604167
0.604167 0.125000 0.250000 0.020833
0.062500 0.791667 0.104167 0.041667
0.083333 0.125000 0.000000 0.791667
0.000000 0.020833 0.083333 0.895833
0.645833 0.187500 0.083333 0.083333
0.812500 0.041667 0.125000 0.020833
0.041667 0.500000 0.083333 0.375000
0.062500 0.645833 0.020833 0.270833
0.000000 0.125000 0.000000 0.875000
0.000000 0.833333 0.000000 0.166667
0.000000 0.041667 0.000000 0.958333
0.000000 0.875000 0.020833 0.104167
0.062500 0.020833 0.020833 0.895833
0.000000 0.020833 0.895833 0.083333
0.562500 0.000000 0.166667 0.270833
0.104167 0.000000 0.791667 0.104167
0.020833 0.833333 0.041667 0.104167
0.020833 0.791667 0.000000 0.187500
0.062500 0.104167 0.000000 0.833333
0.000000 0.729167 0.000000 0.270833
0.666667 0.062500 0.229167 0.041667
0.208333 0.000000 0.687500 0.104167
0.041667 0.145833 0.020833 0.791667
0.020833 0.020833 0.000000 0.958333
0.020833 0.041667 0.041667 0.895833
0.062500 0.687500 0.020833 0.229167
0.104167 0.687500 0.000000 0.208333
0.000000 0.145833 0.083333 0.770833
0.000000 0.770833 0.062500 0.166667
0.750000 0.125000 0.062500 0.062500
0.041667 0.041667 0.000000 0.916667
0.020833 0.687500 0.083333 0.208333
0.062500 0.020833 0.041667 0.875000
0.187500 0.020833 0.750000 0.041667
0.083333 0.187500 0.020833 0.708333
0.791667 0.020833 0.166667 0.020833
0.875000 0.104167 0.020833 0.000000
0.979167 0.020833 0.000000 0.000000
0.750000 0.000000 0.145833 0.104167
0.062500 0.020833 0.062500 0.854167
0.187500 0.000000 0.770833 0.041667
0.145833 0.062500 0.750000 0.041667
0.270833 0.020833 0.645833 0.062500