0.378767 0.093493 0.350000 0.177740
0.299315 0.000000 0.565068 0.135616
0.296575 0.019863 0.682534 0.001027
0.511644 0.016781 0.407877 0.063699
0.360959 0.000000 0.543836 0.095205
0.350685 0.001027 0.556849 0.091438
0.238356 0.148288 0.402055 0.211301
0.415068 0.056164 0.379795 0.148973
0.437671 0.076712 0.485616 0.000000
0.469521 0.000000 0.406849 0.123630
0.354110 0.000000 0.571233 0.074658
0.263014 0.042808 0.578767 0.115411
0.261986 0.045205 0.439384 0.253425
0.234932 0.080479 0.411301 0.273288
0.426370 0.081507 0.457192 0.034932
0.372603 0.211301 0.360616 0.055479
0.511986 0.000000 0.322945 0.165068
0.282192 0.000342 0.616438 0.101027
0.323288 0.000000 0.425000 0.251712
0.090753 0.319863 0.589384 0.000000
0.764384 0.000000 0.023973 0.211644
0.261301 0.037329 0.696233 0.005137