0.082645 0.500517 0.245868 0.170971
0.169421 0.760847 0.069731 0.000000
0.383781 0.192149 0.000000 0.424070
0.284607 0.000000 0.715393 0.000000
0.068698 0.000000 0.866219 0.065083
0.148244 0.052169 0.799587 0.000000
0.283058 0.346074 0.310950 0.059917
0.000000 0.427169 0.346591 0.226240
0.015496 0.835744 0.053719 0.095041
0.254649 0.000000 0.000000 0.745351
0.000000 0.092459 0.907541 0.000000
0.253099 0.319731 0.427169 0.000000
0.271694 0.072314 0.186983 0.469008
0.000000 0.000000 0.764463 0.235537
0.236570 0.024277 0.523760 0.215393
0.000000 0.329545 0.670455 0.000000