0.622077 0.272217 0.000000 0.105706
0.915809 0.057998 0.026193 0.000000
0.789523 0.135641 0.052385 0.022451
0.758653 0.000000 0.000000 0.241347
0.469598 0.196445 0.184284 0.149673
0.573433 0.000000 0.117867 0.308700
0.463985 0.199252 0.210477 0.126286
0.902713 0.097287 0.000000 0.000000
0.735267 0.132834 0.131899 0.000000
0.912067 0.000000 0.010290 0.077643
0.813845 0.186155 0.000000 0.000000
0.652947 0.222638 0.124415 0.000000
0.733396 0.266604 0.000000 0.000000
0.819457 0.000000 0.000000 0.180543
0.498597 0.087933 0.163704 0.249766
0.681010 0.028999 0.062675 0.227315
0.439663 0.203929 0.130964 0.225444
0.608980 0.114125 0.000000 0.276894
0.752105 0.000000 0.003742 0.244153
0.747428 0.000000 0.252572 0.000000
0.525725 0.000000 0.197381 0.276894
0.551918 0.210477 0.000000 0.237605