0.033557 0.811633 0.151678 0.003132
0.195526 0.264877 0.101119 0.438479
0.081432 0.232662 0.592841 0.093065
0.147651 0.000895 0.548098 0.303356
0.002237 0.163758 0.831320 0.002685
0.472931 0.188367 0.233110 0.105593
0.167785 0.315436 0.232215 0.284564
0.000895 0.345861 0.253691 0.399553
0.424161 0.341387 0.165996 0.068456
0.000895 0.997763 0.000447 0.000895
0.606264 0.192394 0.059060 0.142282
0.004027 0.184340 0.719463 0.092170
0.181208 0.130649 0.575391 0.112752
0.097987 0.656823 0.134676 0.110515
0.391946 0.198210 0.213870 0.195973
0.076063 0.372260 0.268904 0.282774
0.091723 0.402237 0.402685 0.103356
0.284116 0.319463 0.163311 0.233110
0.181208 0.192841 0.469799 0.156152
0.000447 0.746309 0.251902 0.001342
0.125280 0.765996 0.000895 0.107830
0.522595 0.275615 0.002237 0.199553
0.046980 0.600895 0.265772 0.086353
0.174497 0.602237 0.060403 0.162864
0.257718 0.298881 0.261298 0.182103
0.138702 0.393736 0.192394 0.275168
0.165548 0.251454 0.396868 0.186130
0.025056 0.638926 0.145861 0.190157
0.000895 0.657718 0.061298 0.280089
0.000895 0.733781 0.085906 0.179418