0.370370 0.473251 0.074074 0.082305
0.090535 0.555556 0.065844 0.288066
0.049383 0.716049 0.053498 0.181070
0.024691 0.452675 0.061728 0.460905
0.255144 0.333333 0.353909 0.057613
0.049383 0.786008 0.065844 0.098765
0.074074 0.781893 0.057613 0.086420
0.041152 0.802469 0.057613 0.098765
0.069959 0.765432 0.053498 0.111111
0.053498 0.604938 0.024691 0.316872
0.411523 0.115226 0.292181 0.181070
0.209877 0.292181 0.106996 0.390947
0.213992 0.098765 0.617284 0.069959
0.522634 0.094650 0.308642 0.074074
0.152263 0.489712 0.057613 0.300412
0.152263 0.522634 0.049383 0.275720
0.061728 0.802469 0.053498 0.082305
0.481481 0.419753 0.045267 0.053498
0.427984 0.283951 0.242798 0.045267
0.090535 0.341564 0.246914 0.320988
0.201646 0.238683 0.226337 0.333333
0.399177 0.102881 0.275720 0.222222
0.032922 0.658436 0.251029 0.057613
0.028807 0.835391 0.032922 0.102881
0.049383 0.386831 0.032922 0.530864
0.189300 0.716049 0.041152 0.053498
0.049383 0.502058 0.181070 0.267490
0.049383 0.534979 0.205761 0.209877
0.395062 0.329218 0.213992 0.061728
0.251029 0.592593 0.069959 0.086420
0.049383 0.444444 0.234568 0.271605
0.316872 0.090535 0.473251 0.119342
0.123457 0.358025 0.407407 0.111111
0.168724 0.255144 0.370370 0.205761
0.119342 0.452675 0.185185 0.242798
0.057613 0.806584 0.065844 0.069959
0.045267 0.674897 0.041152 0.238683
0.086420 0.600823 0.049383 0.263374
0.193416 0.349794 0.160494 0.296296
0.037037 0.654321 0.069959 0.238683
0.020576 0.617284 0.148148 0.213992
0.069959 0.703704 0.053498 0.172840