0.600877 0.020468 0.162281 0.216374
0.444444 0.226608 0.008772 0.320175
0.431287 0.143275 0.007310 0.418129
0.399123 0.008772 0.103801 0.488304
0.345029 0.100877 0.219298 0.334795
0.244152 0.217836 0.131579 0.406433
0.445906 0.236842 0.014620 0.302632
0.394737 0.115497 0.000000 0.489766
0.492690 0.135965 0.013158 0.358187
0.402047 0.130117 0.090643 0.377193
0.562865 0.078947 0.017544 0.340643
0.422515 0.008772 0.172515 0.396199
0.665205 0.008772 0.020468 0.305556
0.368421 0.138889 0.140351 0.352339
0.703216 0.016082 0.010234 0.270468
0.371345 0.004386 0.002924 0.621345
0.383041 0.073099 0.191520 0.352339
0.292398 0.013158 0.122807 0.571637
0.464912 0.133041 0.010234 0.391813
0.292398 0.077485 0.092105 0.538012
0.428363 0.111111 0.115497 0.345029
0.209064 0.220760 0.007310 0.562865
0.578947 0.065789 0.008772 0.346491
0.299708 0.124269 0.090643 0.485380
0.704678 0.111111 0.157895 0.026316
0.283626 0.116959 0.002924 0.596491
0.555556 0.062865 0.197368 0.184211
0.311404 0.017544 0.138889 0.532164
0.766082 0.010234 0.203216 0.020468
0.366959 0.005848 0.010234 0.616959
0.451754 0.100877 0.260234 0.187135
0.290936 0.102339 0.076023 0.530702
0.555556 0.118421 0.304094 0.021930
0.019006 0.195906 0.108187 0.676901
0.839181 0.002924 0.138889 0.019006
0.311404 0.010234 0.004386 0.673977
0.596491 0.057018 0.112573 0.233918
0.185673 0.112573 0.065789 0.635965
0.782164 0.008772 0.195906 0.013158
0.250000 0.010234 0.005848 0.733918
0.538012 0.116959 0.157895 0.187135