0.222222 0.333333 0.444444 0.000000
0.567901 0.000000 0.432099 0.000000
0.209877 0.172840 0.580247 0.037037
0.135802 0.234568 0.481481 0.148148
0.148148 0.530864 0.320988 0.000000
0.000000 0.185185 0.111111 0.703704
0.061728 0.000000 0.876543 0.061728
0.172840 0.000000 0.827160 0.000000
0.037037 0.197531 0.703704 0.061728
0.000000 0.148148 0.543210 0.308642
0.012346 0.518519 0.407407 0.061728
0.308642 0.555556 0.135802 0.000000
0.172840 0.691358 0.135802 0.000000
0.814815 0.074074 0.000000 0.111111
0.074074 0.000000 0.925926 0.000000
0.222222 0.666667 0.111111 0.000000
0.345679 0.098765 0.000000 0.555556
0.074074 0.000000 0.888889 0.037037
0.049383 0.000000 0.950617 0.000000
0.148148 0.000000 0.567901 0.283951
0.000000 0.000000 1.000000 0.000000