0.047619 0.619048 0.095238 0.238095
0.095238 0.761905 0.000000 0.142857
0.095238 0.476190 0.428571 0.000000
0.095238 0.904762 0.000000 0.000000
0.000000 0.190476 0.571429 0.238095
0.000000 0.333333 0.476190 0.190476
0.000000 0.857143 0.000000 0.142857
0.095238 0.714286 0.190476 0.000000
0.238095 0.666667 0.000000 0.095238
0.285714 0.380952 0.333333 0.000000
0.047619 0.666667 0.285714 0.000000
0.000000 0.761905 0.095238 0.142857
0.238095 0.761905 0.000000 0.000000
0.142857 0.190476 0.571429 0.095238
0.285714 0.666667 0.047619 0.000000
0.095238 0.333333 0.428571 0.142857
0.000000 0.142857 0.666667 0.190476
0.000000 0.571429 0.428571 0.000000
0.000000 0.809524 0.190476 0.000000
0.047619 0.809524 0.142857 0.000000
0.000000 0.666667 0.142857 0.190476
0.000000 0.952381 0.047619 0.000000
0.000000 0.190476 0.523810 0.285714
0.000000 0.809524 0.000000 0.190476
0.000000 0.809524 0.000000 0.190476
0.000000 1.000000 0.000000 0.000000
0.238095 0.476190 0.095238 0.190476
0.142857 0.285714 0.380952 0.190476
0.095238 0.809524 0.095238 0.000000
0.190476 0.666667 0.095238 0.047619
0.095238 0.476190 0.380952 0.047619