0.086957 0.391304 0.347826 0.173913
0.000000 1.000000 0.000000 0.000000
0.521739 0.304348 0.086957 0.086957
0.000000 0.434783 0.565217 0.000000
0.434783 0.304348 0.130435 0.130435
0.000000 0.043478 0.956522 0.000000
0.000000 0.782609 0.130435 0.086957
0.173913 0.739130 0.086957 0.000000
0.260870 0.695652 0.000000 0.043478
0.434783 0.000000 0.521739 0.043478
0.086957 0.173913 0.695652 0.043478
0.130435 0.739130 0.130435 0.000000
0.043478 0.565217 0.304348 0.086957
0.130435 0.782609 0.043478 0.043478
0.347826 0.217391 0.217391 0.217391
0.130435 0.086957 0.739130 0.043478
0.086957 0.304348 0.260870 0.347826
0.130435 0.739130 0.000000 0.130435
0.043478 0.434783 0.217391 0.304348
0.043478 0.565217 0.086957 0.304348
0.000000 0.695652 0.000000 0.304348
0.260870 0.217391 0.217391 0.304348
0.000000 0.304348 0.652174 0.043478
0.173913 0.391304 0.347826 0.086957
0.130435 0.565217 0.304348 0.000000
0.478261 0.000000 0.173913 0.347826
0.000000 0.173913 0.695652 0.130435
0.043478 0.652174 0.260870 0.043478
0.000000 0.304348 0.434783 0.260870
0.173913 0.130435 0.608696 0.086957
0.086957 0.478261 0.260870 0.173913
0.173913 0.260870 0.347826 0.217391
0.130435 0.304348 0.565217 0.000000
0.086957 0.260870 0.521739 0.130435
0.217391 0.130435 0.478261 0.173913
0.086957 0.434783 0.304348 0.173913
0.217391 0.217391 0.217391 0.347826
0.260870 0.043478 0.608696 0.086957
0.173913 0.217391 0.608696 0.000000
0.086957 0.478261 0.434783 0.000000
0.000000 0.695652 0.130435 0.173913
0.434783 0.217391 0.260870 0.086957